Left Knee Angle, Right Knee Angle, Left Ankle Angle, Right Ankle Angle, Left Ankle Delta, Right Ankle Delta,Left Ankle Avg,Right Ankle Avg,LA-GC-Phases,RA-GC-Phases
154,179,130,141,0,0,129,135,HS,HS
155,173,126,136,-4,-5,129,135,HS,HS
147,178,130,136,4,0,129,135,HS,HS
146,168,133,130,3,-6,129,135,HS,HS
150,173,141,136,8,6,137,132,HS,HS
147,170,139,133,-2,-3,137,132,HS,HS
145,170,129,130,-10,-3,137,132,HS,HS
151,170,139,131,10,1,137,132,HS,HS
143,171,141,129,2,-2,135,129,HS,HS
160,172,138,130,-3,1,135,129,HS,HS
171,175,134,129,-4,-1,135,129,HS,HS
173,175,130,128,-4,-1,135,129,HS,HS
173,175,127,126,-3,-2,125,123,FF,FF
174,176,119,124,-8,-2,125,123,FF,FF
171,176,127,123,8,-1,125,123,FF,FF
170,174,130,119,3,-4,125,123,FF,FF
172,174,131,117,1,-2,128,114,HS,FF
169,172,128,114,-3,-3,128,114,HS,FF
172,170,128,113,0,-1,128,114,HS,FF
173,170,126,112,-2,-1,128,114,HS,FF
174,167,125,113,-1,1,123,117,FF,FF
176,160,125,114,0,1,123,117,FF,FF
176,154,122,119,-3,5,123,117,FF,FF
175,148,123,123,1,4,123,117,FF,FF
174,143,124,126,1,3,128,120,HS,FF
173,147,125,122,1,-4,128,120,HS,FF
173,142,128,115,3,-7,128,120,HS,FF
170,145,135,117,7,2,128,120,HS,FF
169,146,127,110,-8,-7,130,116,HS,FF
170,144,130,112,3,2,130,116,HS,FF
171,156,134,122,4,10,130,116,HS,FF
172,160,132,121,-2,-1,130,116,HS,FF
173,168,129,123,-3,2,125,129,FF,HS
172,172,126,126,-3,3,125,129,FF,HS
172,179,123,129,-3,3,125,129,FF,HS
171,177,122,139,-1,10,125,129,FF,HS
171,177,121,139,-1,0,120,137,TO,HS
171,179,121,139,0,0,120,137,TO,HS
170,178,120,136,-1,-3,120,137,TO,HS
170,175,121,135,1,-1,120,137,TO,HS
174,173,123,133,2,-2,119,129,TO,HS
174,165,123,129,0,-4,119,129,TO,HS
175,165,119,129,-4,0,119,129,TO,HS
172,166,114,128,-5,-1,119,129,TO,HS
173,165,104,127,-10,-1,110,126,TO,FF
172,168,107,127,3,0,110,126,TO,FF
177,168,113,126,6,-1,110,126,TO,FF
175,170,117,127,4,1,110,126,TO,FF
175,171,118,126,1,-1,118,125,TO,FF
175,172,117,126,-1,0,118,125,TO,FF
176,173,119,125,2,-1,118,125,TO,FF
174,175,118,125,-1,0,118,125,TO,FF
171,175,122,124,4,-1,125,122,FF,FF
170,175,124,123,2,-1,125,122,FF,FF
170,175,126,121,2,-2,125,122,FF,FF
171,174,128,121,2,0,125,122,FF,FF
172,173,126,121,-2,0,126,117,FF,FF
171,171,128,117,2,-4,126,117,FF,FF
173,170,127,117,-1,0,126,117,FF,FF
174,169,126,115,-1,-2,126,117,FF,FF
174,165,129,114,3,-1,129,112,HS,TO
174,159,129,110,0,-4,129,112,HS,TO
174,153,130,115,1,5,129,112,HS,TO
174,145,129,112,-1,-3,129,112,HS,TO
174,137,128,107,-1,-5,127,103,HS,TO
174,131,127,102,-1,-5,127,103,HS,TO
174,130,128,99,1,-3,127,103,HS,TO
174,130,127,104,-1,5,127,103,HS,TO
174,133,125,111,-2,7,123,116,FF,FF
174,139,123,115,-2,4,123,116,FF,FF
173,146,122,118,-1,3,123,116,FF,FF
173,155,122,121,0,3,123,116,FF,FF
173,164,121,131,-1,10,119,131,TO,HS
173,174,119,130,-2,-1,119,131,TO,HS
173,179,118,128,-1,-2,119,131,TO,HS
173,175,118,135,0,7,119,131,TO,HS
173,177,118,133,0,-2,118,132,TO,HS
173,179,118,133,0,0,118,132,TO,HS
172,177,116,132,-2,-1,118,132,TO,HS
171,175,123,132,7,0,118,132,TO,HS
172,165,132,132,9,0,129,131,HS,HS
173,163,133,132,1,0,129,131,HS,HS
173,161,129,131,-4,-1,129,131,HS,HS
171,160,123,130,-6,-1,129,131,HS,HS
172,164,120,131,-3,1,120,130,TO,HS
172,164,120,130,0,-1,120,130,TO,HS
173,167,119,130,-1,0,120,130,TO,HS
173,167,124,130,5,0,120,130,TO,HS
174,170,124,131,0,1,117,129,TO,HS
173,171,119,130,-5,-1,117,129,TO,HS
171,172,111,128,-8,-2,117,129,TO,HS
172,172,117,129,6,1,117,129,TO,HS
173,171,119,129,2,0,120,125,TO,FF
173,171,119,127,0,-2,120,125,TO,FF
172,164,121,124,2,-3,120,125,TO,FF
171,165,123,122,2,-2,120,125,TO,FF
173,167,120,120,-3,-2,122,113,FF,TO
175,167,118,116,-2,-4,122,113,FF,TO
173,162,126,112,8,-4,122,113,FF,TO
172,158,124,107,-2,-5,122,113,FF,TO
171,153,124,111,0,4,126,118,FF,FF
171,147,127,117,3,6,126,118,FF,FF
171,143,127,121,0,4,126,118,FF,FF
171,142,127,126,0,5,126,118,FF,FF
170,140,125,121,-2,-5,125,118,FF,FF
170,143,125,120,0,-1,125,118,FF,FF
171,142,126,119,1,-1,125,118,FF,FF
171,148,126,112,0,-7,125,118,FF,FF
170,150,122,115,-4,3,121,114,FF,FF
170,156,120,118,-2,3,121,114,FF,FF
170,162,121,110,1,-8,121,114,FF,FF
171,165,121,115,0,5,121,114,FF,FF
170,170,121,121,0,6,124,123,FF,FF
170,173,122,123,1,2,124,123,FF,FF
171,174,125,124,3,1,124,123,FF,FF
171,173,129,124,4,0,124,123,FF,FF
172,173,131,123,2,-1,128,122,HS,FF
172,171,129,122,-2,-1,128,122,HS,FF
157,173,125,122,-4,0,128,122,HS,FF
160,171,70,122,-55,0,128,122,HS,FF
