Left Knee Angle, Right Knee Angle, Left Ankle Angle, Right Ankle Angle, Left Ankle Delta, Right Ankle Delta,Left Ankle Avg,Right Ankle Avg,LA-GC-Phases,RA-GC-Phases
155,120,14,33,0,0,14,43,FF,FF
129,36,17,38,3,5,14,43,FF,FF
70,33,14,47,-3,9,14,43,FF,FF
55,28,11,57,-3,10,14,43,FF,FF
57,33,6,67,-5,10,11,79,TO,FF
153,35,13,76,7,9,11,79,TO,FF
149,44,18,85,5,9,11,79,TO,FF
139,61,8,91,-10,6,11,79,TO,FF
142,51,12,96,4,5,7,103,TO,FF
138,51,5,101,-7,5,7,103,TO,FF
148,46,4,106,-1,5,7,103,TO,FF
126,52,7,112,3,6,7,103,TO,FF
125,52,10,117,3,5,9,123,TO,FF
136,53,7,121,-3,4,9,123,TO,FF
136,52,10,126,3,5,9,123,TO,FF
17,47,10,130,0,4,9,123,TO,FF
144,46,17,134,7,4,13,141,FF,HS
146,46,9,143,-8,9,13,141,FF,HS
118,43,12,142,3,-1,13,141,FF,HS
131,42,14,145,2,3,13,141,FF,HS
135,45,11,139,-3,-6,8,132,TO,HS
127,153,13,140,2,1,8,132,TO,HS
134,124,3,131,-10,-9,8,132,TO,HS
152,129,6,118,3,-13,8,132,TO,HS
153,118,14,106,8,-12,14,89,FF,FF
147,129,8,95,-6,-11,14,89,FF,FF
123,128,16,84,8,-11,14,89,FF,FF
150,115,20,74,4,-10,14,89,FF,FF
64,71,22,65,2,-9,18,62,FF,FF
128,81,21,59,-1,-6,18,62,FF,FF
141,63,18,61,-3,2,18,62,FF,FF
154,90,11,65,-7,4,18,62,FF,FF
137,65,1,60,-10,-5,2,58,TO,FF
135,85,2,63,1,3,2,58,TO,FF
147,84,1,56,-1,-7,2,58,TO,FF
104,141,5,53,4,-3,2,58,TO,FF
134,137,12,49,7,-4,15,42,FF,FF
126,162,19,44,7,-5,15,42,FF,FF
105,155,11,40,-8,-4,15,42,FF,FF
110,81,19,37,8,-3,15,42,FF,FF
113,63,16,45,-3,8,17,52,FF,FF
109,77,10,51,-6,6,17,52,FF,FF
98,60,19,56,9,5,17,52,FF,FF
59,60,24,59,5,3,17,52,FF,FF
81,67,32,64,8,5,42,70,FF,FF
121,36,42,70,10,6,42,70,FF,FF
125,96,46,75,4,5,42,70,FF,FF
129,138,49,73,3,-2,42,70,FF,FF
144,136,39,69,-10,-4,32,59,FF,FF
147,131,31,63,-8,-6,32,59,FF,FF
134,136,34,56,3,-7,32,59,FF,FF
147,137,24,50,-10,-6,32,59,FF,FF
150,141,21,44,-3,-6,20,40,FF,FF
151,67,20,41,-1,-3,20,40,FF,FF
152,65,19,37,-1,-4,20,40,FF,FF
157,71,23,40,4,3,20,40,FF,FF
135,71,28,44,5,4,36,47,FF,FF
132,74,34,46,6,2,36,47,FF,FF
124,88,40,47,6,1,36,47,FF,FF
132,78,43,53,3,6,36,47,FF,FF
133,112,46,47,3,-6,51,57,FF,FF
142,60,48,55,2,8,51,57,FF,FF
130,22,53,62,5,7,51,57,FF,FF
41,23,59,64,6,2,51,57,FF,FF
54,15,65,67,6,3,74,72,FF,FF
10,29,71,70,6,3,74,72,FF,FF
14,38,78,74,7,4,74,72,FF,FF
11,22,85,79,7,5,74,72,FF,FF
13,22,89,84,4,5,90,88,FF,FF
27,33,88,86,-1,2,90,88,FF,FF
25,26,96,94,8,8,90,88,FF,FF
85,54,90,90,-6,-4,90,88,FF,FF
-2147483648,-2147483648,-2147483648,93,2147483558,3,815792135,85,FF,FF
120,107,2013265923,87,-134217725,-6,815792135,85,FF,FF
134,124,1811939337,83,-201326586,-4,815792135,85,FF,FF
94,142,1585446930,78,-226492407,-5,815792135,85,FF,FF
132,126,1358954520,73,-226492410,-5,1062346781,81,HS,FF
139,145,1146617885,76,-212336635,3,1062346781,81,HS,FF
151,125,955514912,83,-191102973,7,1062346781,81,HS,FF
162,154,788299810,92,-167215102,9,1062346781,81,HS,FF
156,142,644972579,99,-143327231,7,483099597,91,FF,FF
94,90,524040232,95,-120932347,-4,483099597,91,FF,FF
127,20,423263280,89,-100776952,-6,483099597,91,FF,FF
105,111,340122298,83,-83140982,-6,483099597,91,FF,FF
165,98,272097860,77,-68024438,-6,199356871,66,FF,FF
170,146,216827998,70,-55269862,-7,199356871,66,FF,FF
168,142,172186951,63,-44641047,-7,199356871,66,FF,FF
104,157,136314677,56,-35872274,-7,199356871,66,FF,FF
105,132,107616856,50,-28697821,-6,77791017,41,FF,FF
45,137,84748279,44,-22868577,-6,77791017,41,FF,FF
22,150,66587937,38,-18160342,-6,77791017,41,FF,FF
157,156,52210999,32,-14376938,-6,77791017,41,FF,FF
156,144,40860785,27,-11350214,-5,29268935,23,FF,FF
152,147,31922491,23,-8938294,-4,29268935,23,FF,FF
161,141,24899546,20,-7022945,-3,29268935,23,FF,FF
169,147,19392918,25,-5506628,5,29268935,23,FF,FF
145,149,15083383,32,-4309535,7,10733870,43,FF,FF
156,153,11716560,40,-3366823,8,10733870,43,FF,FF
168,150,9090438,49,-2626122,9,10733870,43,FF,FF
165,158,7045099,51,-2045339,2,10733870,43,FF,FF
158,151,5454285,55,-1590814,4,3862367,42,FF,FF
162,136,4218566,46,-1235719,-9,3862367,42,FF,FF
161,153,3259821,37,-958745,-9,3862367,42,FF,FF
162,170,2516797,30,-743024,-7,3862367,42,FF,FF
158,152,1941554,23,-575243,-7,1369612,16,FF,TO
160,160,1496640,19,-444914,-4,1369612,16,FF,TO
162,138,1152843,15,-343797,-4,1369612,16,FF,TO
161,150,887411,8,-265432,-7,1369612,16,FF,TO
161,129,682650,8,-204761,0,480090,7,FF,TO
162,150,524815,9,-157835,1,480090,7,FF,TO
164,157,403240,5,-121575,-4,480090,7,FF,TO
161,156,309658,8,-93582,3,480090,7,FF,TO
165,134,237671,8,-71987,0,166745,19,FF,FF
165,169,182332,15,-55339,7,166745,19,FF,FF
160,165,139814,22,-42518,7,166745,19,FF,FF
163,174,107165,32,-32649,10,166745,19,FF,FF
167,168,82111,44,-25054,12,64386,55,FF,FF
166,169,62892,56,-19219,12,64386,55,FF,FF
171,168,48157,67,-14735,11,64386,55,FF,FF
166,169,90,120,-48067,53,64386,55,FF,FF
