Left Knee Angle, Right Knee Angle, Left Ankle Angle, Right Ankle Angle, Left Ankle Delta, Right Ankle Delta,Left Ankle Avg,Right Ankle Avg,LA-GC-Phases,RA-GC-Phases
160,55,1,17,0,0,9,11,TO,TO
167,41,4,15,3,-2,9,11,TO,TO
129,43,10,6,6,-9,9,11,TO,TO
134,160,21,9,11,3,9,11,TO,TO
151,162,34,10,13,1,53,14,FF,TO
156,156,47,14,13,4,53,14,FF,TO
168,163,60,14,13,0,53,14,FF,TO
166,133,71,21,11,7,53,14,FF,TO
178,150,81,24,10,3,93,32,FF,FF
170,137,90,34,9,10,93,32,FF,FF
175,155,98,31,8,-3,93,32,FF,FF
167,148,105,39,7,8,93,32,FF,FF
159,144,111,42,6,3,116,49,FF,FF
148,144,115,51,4,9,116,49,FF,FF
150,166,118,53,3,2,116,49,FF,FF
148,169,121,51,3,-2,116,49,FF,FF
150,157,124,42,3,-9,121,33,FF,FF
159,178,126,37,2,-5,121,33,FF,FF
156,164,120,32,-6,-5,121,33,FF,FF
157,135,115,24,-5,-8,121,33,FF,FF
158,138,117,29,2,5,124,42,HS,FF
160,142,121,37,4,8,124,42,HS,FF
164,148,124,47,3,10,124,42,HS,FF
167,152,134,58,10,11,124,42,HS,FF
169,162,125,69,-9,11,126,82,HS,FF
172,164,130,79,5,10,126,82,HS,FF
168,172,127,87,-3,8,126,82,HS,FF
164,173,123,94,-4,7,126,82,HS,FF
166,178,132,100,9,6,125,108,HS,FF
162,179,125,106,-7,6,125,108,HS,FF
162,175,125,112,0,6,125,108,HS,FF
157,174,119,116,-6,4,125,108,HS,FF
153,175,129,119,10,3,120,125,FF,HS
147,169,125,125,-4,6,120,125,FF,HS
140,171,119,129,-6,4,120,125,FF,HS
136,172,109,128,-10,-1,120,125,FF,HS
134,173,99,127,-10,-1,107,126,FF,HS
127,172,104,128,5,1,107,126,FF,HS
126,174,113,125,9,-3,107,126,FF,HS
133,173,115,124,2,-1,107,126,FF,HS
133,171,119,118,4,-6,127,118,HS,FF
144,171,129,120,10,2,127,118,HS,FF
144,172,128,119,-1,-1,127,118,HS,FF
156,174,133,118,5,-1,127,118,HS,FF
160,174,132,117,-1,-1,130,114,HS,FF
160,174,129,115,-3,-2,130,114,HS,FF
161,170,129,112,0,-3,130,114,HS,FF
154,167,130,114,1,2,130,114,HS,FF
147,160,132,117,2,3,130,116,HS,FF
144,152,126,121,-6,4,130,116,HS,FF
144,139,134,117,8,-4,130,116,HS,FF
142,133,129,111,-5,-6,130,116,HS,FF
150,132,130,104,1,-7,129,95,HS,FF
151,131,131,96,1,-8,129,95,HS,FF
155,131,128,89,-3,-7,129,95,HS,FF
159,136,130,91,2,2,129,95,HS,FF
161,137,131,94,1,3,128,101,HS,FF
166,144,132,98,1,4,128,101,HS,FF
166,151,129,103,-3,5,128,101,HS,FF
169,157,120,109,-9,6,128,101,HS,FF
170,166,121,113,1,4,123,119,HS,FF
170,171,123,116,2,3,123,119,HS,FF
169,177,124,119,1,3,123,119,HS,FF
166,176,125,129,1,10,123,119,HS,FF
163,178,125,131,0,2,128,130,HS,HS
160,176,127,131,2,0,128,130,HS,HS
154,176,133,132,6,1,128,130,HS,HS
145,173,129,129,-4,-3,128,130,HS,HS
136,173,123,129,-6,0,118,129,FF,HS
133,174,120,132,-3,3,118,129,FF,HS
128,174,115,130,-5,-2,118,129,FF,HS
133,174,117,128,2,-2,118,129,FF,HS
132,175,119,129,2,1,126,126,HS,HS
142,174,121,126,2,-3,126,126,HS,HS
145,173,129,125,8,-1,126,126,HS,HS
154,173,136,125,7,0,126,126,HS,HS
163,173,130,124,-6,-1,132,120,HS,HS
170,173,135,122,5,-2,132,120,HS,HS
171,173,131,120,-4,-2,132,120,HS,HS
174,174,134,117,3,-3,132,120,HS,HS
165,172,130,117,-4,0,132,119,HS,FF
160,171,134,120,4,3,132,119,HS,FF
155,168,132,122,-2,2,132,119,HS,FF
155,163,135,120,3,-2,132,119,HS,FF
151,155,127,116,-8,-4,132,108,HS,FF
154,149,134,111,7,-5,132,108,HS,FF
157,143,134,105,0,-6,132,108,HS,FF
162,142,135,100,1,-5,132,108,HS,FF
164,141,134,108,-1,8,133,112,HS,FF
166,141,134,113,0,5,133,112,HS,FF
167,143,133,117,-1,4,133,112,HS,FF
168,148,132,113,-1,-4,133,112,HS,FF
167,151,132,116,0,3,130,122,HS,HS
168,160,133,123,1,7,130,122,HS,HS
168,168,132,125,-1,2,130,122,HS,HS
167,174,123,125,-9,0,130,122,HS,HS
169,177,123,125,0,0,122,124,FF,HS
169,176,124,124,1,-1,122,124,FF,HS
168,178,123,126,-1,2,122,124,FF,HS
160,173,120,124,-3,-2,122,124,FF,HS
155,175,123,127,3,3,116,126,FF,HS
141,171,119,126,-4,-1,116,126,FF,HS
134,172,114,127,-5,1,116,126,FF,HS
130,171,108,126,-6,-1,116,126,FF,HS
128,172,102,126,-6,0,98,125,FF,HS
127,171,97,125,-5,-1,98,125,FF,HS
131,172,94,126,-3,1,98,125,FF,HS
132,171,99,126,5,0,98,125,FF,HS
140,171,104,125,5,-1,110,125,FF,HS
147,172,109,125,5,0,110,125,FF,HS
157,173,112,126,3,1,110,125,FF,HS
164,173,115,127,3,1,110,125,FF,HS
172,173,120,126,5,-1,116,123,FF,HS
170,172,118,124,-2,-2,116,123,FF,HS
169,173,116,123,-2,-1,116,123,FF,HS
160,167,111,122,-5,-1,116,123,FF,HS
156,162,108,119,-3,-3,106,119,FF,FF
154,155,106,122,-2,3,106,119,FF,FF
153,148,104,118,-2,-4,106,119,FF,FF
153,138,102,64,-2,-54,106,119,FF,FF
