Left Knee Angle, Right Knee Angle, Left Ankle Angle, Right Ankle Angle, Left Ankle Delta, Right Ankle Delta,Left Ankle Avg,Right Ankle Avg,LA-GC-Phases,RA-GC-Phases
167,166,131,111,0,0,127,107,HS,FF
168,151,128,107,-3,-4,127,107,HS,FF
170,124,125,102,-3,-5,127,107,HS,FF
172,134,125,108,0,6,127,107,HS,FF
173,132,121,111,-4,3,120,114,FF,FF
178,140,120,115,-1,4,120,114,FF,FF
177,153,124,112,4,-3,120,114,FF,FF
174,156,115,118,-9,6,120,114,FF,FF
175,171,116,122,1,4,119,128,FF,HS
175,179,118,125,2,3,119,128,FF,HS
173,173,122,128,4,3,119,128,FF,HS
175,175,120,138,-2,10,119,128,FF,HS
168,174,123,138,3,0,124,134,HS,HS
168,174,119,135,-4,-3,124,134,HS,HS
157,168,129,132,10,-3,124,134,HS,HS
149,167,125,131,-4,-1,124,134,HS,HS
142,168,119,130,-6,-1,109,130,FF,HS
132,173,112,132,-7,2,109,130,FF,HS
128,173,105,133,-7,1,109,130,FF,HS
127,173,102,127,-3,-6,109,130,FF,HS
132,173,103,131,1,4,108,121,FF,FF
139,177,107,124,4,-7,108,121,FF,FF
138,171,111,115,4,-9,108,121,FF,FF
154,175,114,117,3,2,108,121,FF,FF
157,174,117,115,3,-2,123,112,HS,FF
172,173,121,111,4,-4,123,112,HS,FF
178,173,125,107,4,-4,123,112,HS,FF
170,176,129,116,4,9,123,112,HS,FF
174,173,133,111,4,-5,132,99,HS,FF
174,176,133,103,0,-8,132,99,HS,FF
169,171,130,95,-3,-8,132,99,HS,FF
172,161,133,88,3,-7,132,99,HS,FF
165,155,129,82,-4,-6,128,73,HS,TO
169,136,129,76,0,-6,128,73,HS,TO
174,131,129,72,0,-4,128,73,HS,TO
170,129,126,62,-3,-10,128,73,HS,TO
171,132,121,66,-5,4,122,74,HS,TO
174,135,122,72,1,6,122,74,HS,TO
176,143,122,77,0,5,122,74,HS,TO
177,146,124,83,2,6,122,74,HS,TO
177,157,122,89,-2,6,115,97,FF,FF
177,160,116,95,-6,6,115,97,FF,FF
176,174,111,100,-5,5,115,97,FF,FF
177,177,113,105,2,5,115,97,FF,FF
176,171,110,110,-3,5,109,116,FF,FF
176,177,110,115,0,5,109,116,FF,FF
172,173,110,118,0,3,109,116,FF,FF
167,176,107,121,-3,3,109,116,FF,FF
159,174,110,130,3,9,103,127,FF,HS
148,174,107,127,-3,-3,103,127,FF,HS
137,176,102,127,-5,0,103,127,FF,HS
134,175,96,124,-6,-3,103,127,FF,HS
130,174,91,122,-5,-2,92,121,TO,FF
137,174,88,120,-3,-2,92,121,TO,FF
137,177,92,123,4,3,92,121,TO,FF
138,174,98,120,6,-3,92,121,TO,FF
144,172,95,117,-3,-3,106,117,FF,FF
161,172,105,116,10,-1,106,117,FF,FF
164,171,111,116,6,0,106,117,FF,FF
176,171,116,120,5,4,106,117,FF,FF
174,172,121,117,5,-3,126,121,HS,FF
175,172,124,126,3,9,126,121,HS,FF
175,172,131,123,7,-3,126,121,HS,FF
172,176,129,118,-2,-5,126,121,HS,FF
170,168,130,123,1,5,126,115,HS,FF
169,156,126,119,-4,-4,126,115,HS,FF
168,129,125,113,-1,-6,126,115,HS,FF
171,138,124,106,-1,-7,126,115,HS,FF
165,148,123,103,-1,-3,118,99,FF,FF
163,146,119,102,-4,-1,118,99,FF,FF
163,127,117,93,-2,-9,118,99,FF,FF
167,142,115,100,-2,7,118,99,FF,FF
173,148,117,103,2,3,114,102,FF,FF
175,154,111,95,-6,-8,114,102,FF,FF
173,158,113,102,2,7,114,102,FF,FF
169,169,118,108,5,6,114,102,FF,FF
167,176,113,112,-5,4,109,117,FF,FF
168,179,108,115,-5,3,109,117,FF,FF
169,179,104,118,-4,3,109,117,FF,FF
172,177,111,123,7,5,109,117,FF,FF
174,178,115,125,4,2,119,128,FF,HS
175,179,120,128,5,3,119,128,FF,HS
138,179,116,128,-4,0,119,128,FF,HS
147,177,125,131,9,3,119,128,FF,HS
141,175,120,130,-5,-1,109,130,FF,HS
135,172,114,132,-6,2,109,130,FF,HS
125,173,107,131,-7,-1,109,130,FF,HS
130,174,98,129,-9,-2,109,130,FF,HS
127,175,102,128,4,-1,108,123,FF,FF
137,174,109,126,7,-2,108,123,FF,FF
141,178,114,123,5,-3,108,123,FF,FF
148,168,109,118,-5,-5,108,123,FF,FF
161,175,105,120,-4,2,109,118,FF,FF
165,176,108,119,3,-1,109,118,FF,FF
165,174,111,118,3,-1,109,118,FF,FF
161,173,113,115,2,-3,109,118,FF,FF
156,172,110,113,-3,-2,105,115,FF,FF
151,168,109,122,-1,9,105,115,FF,FF
148,167,104,117,-5,-5,105,115,FF,FF
147,158,100,110,-4,-7,105,115,FF,FF
143,156,94,113,-6,3,92,113,TO,FF
153,140,91,118,-3,5,92,113,TO,FF
155,132,91,114,0,-4,92,113,TO,FF
173,131,93,108,2,-6,92,113,TO,FF
173,173,100,105,7,-3,99,105,TO,FF
173,173,98,103,-2,-2,99,105,TO,FF
173,173,100,104,2,1,99,105,TO,FF
173,174,98,111,-2,7,99,105,TO,FF
173,174,97,111,-1,0,96,108,TO,FF
173,174,97,111,0,0,96,108,TO,FF
173,173,97,106,0,-5,96,108,TO,FF
173,173,96,105,-1,-1,96,108,TO,FF
173,173,96,103,0,-2,94,103,TO,FF
173,173,95,103,-1,0,94,103,TO,FF
173,173,94,103,-1,0,94,103,TO,FF
173,173,93,104,-1,1,94,103,TO,FF
173,173,93,103,0,-1,92,101,TO,FF
173,173,92,102,-1,-1,92,101,TO,FF
173,173,92,99,0,-3,92,101,TO,FF
173,173,92,98,0,-1,92,101,TO,FF
