Left Knee Angle, Right Knee Angle, Left Ankle Angle, Right Ankle Angle, Left Ankle Delta, Right Ankle Delta,Left Ankle Avg,Right Ankle Avg,LA-GC-Phases,RA-GC-Phases
176,126,128,135,0,0,120,132,HS,HS
172,130,123,137,-5,2,120,132,HS,HS
164,139,117,127,-6,-10,120,132,HS,HS
163,136,112,131,-5,4,120,132,HS,HS
163,144,106,125,-6,-6,113,111,FF,FF
167,144,107,117,1,-8,113,111,FF,FF
168,139,115,107,8,-10,113,111,FF,FF
169,130,124,97,9,-10,113,111,FF,FF
170,132,121,93,-3,-4,128,97,HS,FF
172,138,129,92,8,-1,128,97,HS,FF
175,140,132,99,3,7,128,97,HS,FF
177,145,132,107,0,8,128,97,HS,FF
175,150,133,111,1,4,128,116,HS,FF
175,162,133,114,0,3,128,116,HS,FF
174,173,125,118,-8,4,128,116,HS,FF
176,178,121,121,-4,3,128,116,HS,FF
176,175,126,123,5,2,127,125,HS,HS
175,173,125,127,-1,4,127,125,HS,HS
171,173,131,127,6,0,127,125,HS,HS
173,167,129,124,-2,-3,127,125,HS,HS
164,164,119,131,-10,7,118,131,FF,HS
154,160,123,130,4,-1,118,131,FF,HS
146,162,119,132,-4,2,118,131,FF,HS
138,163,113,134,-6,2,118,131,FF,HS
139,165,107,134,-6,0,105,134,FF,HS
132,169,99,134,-8,0,105,134,FF,HS
134,171,107,135,8,1,105,134,FF,HS
136,174,110,134,3,-1,105,134,FF,HS
143,177,115,134,5,0,114,133,FF,HS
149,178,110,134,-5,0,114,133,FF,HS
157,177,115,133,5,-1,114,133,FF,HS
168,178,118,132,3,-1,114,133,FF,HS
176,175,121,132,3,0,127,130,HS,HS
174,176,125,131,4,-1,127,130,HS,HS
179,177,131,130,6,-1,127,130,HS,HS
173,177,133,129,2,-1,127,130,HS,HS
170,171,132,131,-1,2,129,122,HS,FF
165,166,130,127,-2,-4,129,122,HS,FF
163,158,128,120,-2,-7,129,122,HS,FF
163,145,127,113,-1,-7,129,122,HS,FF
166,141,127,105,0,-8,126,95,HS,FF
166,134,126,98,-1,-7,126,95,HS,FF
169,131,126,92,0,-6,126,95,HS,FF
170,132,126,86,0,-6,126,95,HS,FF
173,136,126,83,0,-3,126,96,HS,FF
175,138,126,92,0,9,126,96,HS,FF
177,144,128,102,2,10,126,96,HS,FF
176,155,124,108,-4,6,126,96,HS,FF
174,165,127,111,3,3,125,117,HS,FF
173,175,126,116,-1,5,125,117,HS,FF
172,174,124,120,-2,4,125,117,HS,FF
173,172,123,124,-1,4,125,117,HS,FF
174,177,122,130,-1,6,119,128,HS,HS
173,173,117,129,-5,-1,119,128,HS,HS
169,165,114,128,-3,-1,119,128,HS,HS
164,164,123,128,9,0,119,128,HS,HS
152,163,132,130,9,2,122,130,HS,HS
142,164,127,131,-5,1,122,130,HS,HS
139,166,120,132,-7,1,122,130,HS,HS
136,169,112,130,-8,-2,122,130,HS,HS
134,170,105,130,-7,0,95,128,FF,HS
135,172,99,129,-6,-1,95,128,FF,HS
137,174,93,128,-6,-1,95,128,FF,HS
142,177,84,128,-9,0,95,128,FF,HS
148,177,87,127,3,-1,93,124,FF,HS
159,177,91,127,4,0,93,124,FF,HS
167,175,96,124,5,-3,93,124,FF,HS
177,145,101,119,5,-5,93,124,FF,HS
174,140,106,115,5,-4,113,120,FF,FF
173,176,110,119,4,4,113,120,FF,FF
176,132,120,122,10,3,113,120,FF,FF
174,123,119,126,-1,4,113,120,FF,FF
165,140,127,121,8,-5,126,111,HS,FF
161,162,126,115,-1,-6,126,111,HS,FF
158,153,126,108,0,-7,126,111,HS,FF
161,143,127,101,1,-7,126,111,HS,FF
162,136,127,94,0,-7,128,85,HS,FF
164,132,128,88,1,-6,128,85,HS,FF
166,129,129,82,1,-6,128,85,HS,FF
167,131,128,78,-1,-4,128,85,HS,FF
168,134,127,83,-1,5,126,95,HS,FF
169,139,127,91,0,8,126,95,HS,FF
171,148,127,99,0,8,126,95,HS,FF
171,159,125,107,-2,8,126,95,HS,FF
171,167,125,114,0,7,118,119,FF,FF
172,176,119,116,-6,2,118,119,FF,FF
172,178,118,122,-1,6,118,119,FF,FF
167,173,112,126,-6,4,118,119,FF,FF
171,178,113,121,1,-5,114,116,FF,FF
163,175,112,118,-1,-3,114,116,FF,FF
169,170,114,115,2,-3,114,116,FF,FF
167,164,118,111,4,-4,114,116,FF,FF
158,153,122,102,4,-9,117,91,FF,FF
153,145,118,92,-4,-10,117,91,FF,FF
145,140,112,89,-6,-3,117,91,FF,FF
137,162,117,83,5,-6,117,91,FF,FF
137,163,123,75,6,-8,116,61,FF,FF
135,164,119,66,-4,-9,116,61,FF,FF
142,166,114,57,-5,-9,116,61,FF,FF
126,167,109,49,-5,-8,116,61,FF,FF
138,168,105,42,-4,-7,93,32,FF,FF
135,171,99,36,-6,-6,93,32,FF,FF
162,171,90,29,-9,-7,93,32,FF,FF
163,171,79,24,-11,-5,93,32,FF,FF
175,173,69,20,-10,-4,55,13,FF,TO
11,173,59,10,-10,-10,55,13,FF,TO
11,8,51,14,-8,4,55,13,FF,TO
178,172,44,9,-7,-5,55,13,FF,TO
177,8,38,14,-6,5,29,13,FF,TO
177,8,31,13,-7,-1,29,13,FF,TO
178,7,26,13,-5,0,29,13,FF,TO
177,7,22,14,-4,1,29,13,FF,TO
177,8,12,14,-10,0,11,14,TO,TO
176,8,12,14,0,0,11,14,TO,TO
178,8,12,14,0,0,11,14,TO,TO
178,8,11,14,-1,0,11,14,TO,TO
178,8,12,14,1,0,13,13,TO,TO
177,8,12,13,0,-1,13,13,TO,TO
163,9,17,13,5,0,13,13,TO,TO
163,10,16,14,-1,1,13,13,TO,TO
