Left Knee Angle, Right Knee Angle, Left Ankle Angle, Right Ankle Angle, Left Ankle Delta, Right Ankle Delta,Left Ankle Avg,Right Ankle Avg,LA-GC-Phases,RA-GC-Phases
166,137,56,91,0,0,65,95,TO,FF
172,128,61,94,5,3,65,95,TO,FF
171,136,68,97,7,3,65,95,TO,FF
157,123,76,101,8,4,65,95,TO,FF
152,140,83,106,7,5,92,114,FF,FF
159,151,89,112,6,6,92,114,FF,FF
161,156,96,116,7,4,92,114,FF,FF
162,164,102,124,6,8,92,114,FF,FF
164,148,108,114,6,-10,111,106,FF,FF
164,157,108,109,0,-5,111,106,FF,FF
169,143,117,104,9,-5,111,106,FF,FF
171,141,112,99,-5,-5,111,106,FF,FF
173,140,116,106,4,7,119,105,FF,FF
174,147,121,103,5,-3,119,105,FF,FF
176,141,123,108,2,5,119,105,FF,FF
175,153,119,103,-4,-5,119,105,FF,FF
174,149,116,110,-3,7,121,110,FF,FF
173,155,120,114,4,4,121,110,FF,FF
169,154,120,111,0,-3,121,110,FF,FF
167,159,128,105,8,-6,121,110,FF,FF
159,151,129,98,1,-7,122,104,FF,FF
156,155,124,105,-5,7,122,104,FF,FF
145,151,121,108,-3,3,122,104,FF,FF
134,157,116,105,-5,-3,122,104,FF,FF
138,157,107,101,-9,-4,105,97,FF,FF
139,151,102,99,-5,-2,105,97,FF,FF
144,160,105,96,3,-3,105,97,FF,FF
147,162,108,94,3,-2,105,97,FF,FF
159,162,111,93,3,-1,118,98,FF,FF
162,166,117,103,6,10,118,98,FF,FF
172,165,121,100,4,-3,118,98,FF,FF
175,165,124,97,3,-3,118,98,FF,FF
174,166,128,94,4,-3,128,82,HS,FF
177,165,132,84,4,-10,128,82,HS,FF
177,160,130,78,-2,-6,128,82,HS,FF
171,153,125,72,-5,-6,128,82,HS,FF
166,151,119,70,-6,-2,115,68,FF,TO
167,148,116,70,-3,0,115,68,FF,TO
168,139,115,64,-1,-6,115,68,FF,TO
171,141,113,70,-2,6,115,68,FF,TO
174,132,112,65,-1,-5,111,67,FF,TO
175,133,111,68,-1,3,111,67,FF,TO
174,124,109,66,-2,-2,111,67,FF,TO
173,133,115,69,6,3,111,67,FF,TO
174,130,120,76,5,7,125,79,HS,FF
172,125,129,78,9,2,125,79,HS,FF
169,132,125,80,-4,2,125,79,HS,FF
170,127,126,83,1,3,125,79,HS,FF
169,132,127,90,1,7,124,88,HS,FF
168,137,123,84,-4,-6,124,88,HS,FF
170,141,122,88,-1,4,124,88,HS,FF
169,143,124,91,2,3,124,88,HS,FF
169,151,132,97,8,6,125,97,HS,FF
164,155,129,97,-3,0,125,97,HS,FF
153,160,124,99,-5,2,125,97,HS,FF
138,157,118,95,-6,-4,125,97,HS,FF
131,156,111,91,-7,-4,108,88,FF,FF
123,154,108,89,-3,-2,108,88,FF,FF
127,155,103,87,-5,-2,108,88,FF,FF
129,154,113,87,10,0,108,88,FF,FF
134,154,111,85,-2,-2,115,83,FF,FF
151,156,114,83,3,-2,115,83,FF,FF
162,159,117,83,3,0,115,83,FF,FF
174,163,121,83,4,0,115,83,FF,FF
177,164,126,81,5,-2,129,76,HS,TO
177,163,127,79,1,-2,129,76,HS,TO
166,157,130,73,3,-6,129,76,HS,TO
164,156,134,74,4,1,129,76,HS,TO
164,151,128,68,-6,-6,121,69,FF,TO
167,147,124,72,-4,4,121,69,FF,TO
171,144,121,69,-3,-3,121,69,FF,TO
174,137,113,67,-8,-2,121,69,FF,TO
177,141,113,73,0,6,112,74,FF,TO
177,138,114,71,1,-2,112,74,FF,TO
176,139,112,76,-2,5,112,74,FF,TO
174,139,111,79,-1,3,112,74,FF,TO
173,141,110,82,-1,3,108,87,FF,FF
171,142,108,85,-2,3,108,87,FF,FF
171,146,108,89,0,4,108,87,FF,FF
171,147,106,95,-2,6,108,87,FF,FF
171,150,113,99,7,4,121,103,FF,FF
170,149,118,108,5,9,121,103,FF,FF
170,154,128,101,10,-7,121,103,FF,FF
170,156,127,107,-1,6,121,103,FF,FF
171,159,126,103,-1,-4,122,106,FF,FF
170,162,124,111,-2,8,122,106,FF,FF
163,162,118,102,-6,-9,122,106,FF,FF
156,162,122,110,4,8,122,106,FF,FF
145,160,124,116,2,6,129,122,HS,HS
139,162,133,120,9,4,129,122,HS,HS
132,161,133,123,0,3,129,122,HS,HS
130,160,128,129,-5,6,129,122,HS,HS
129,161,123,133,-5,4,116,127,FF,HS
138,163,114,130,-9,-3,116,127,FF,HS
146,164,111,126,-3,-4,116,127,FF,HS
161,165,116,121,5,-5,116,127,FF,HS
166,168,119,116,3,-5,126,112,HS,FF
176,170,122,111,3,-5,126,112,HS,FF
175,171,131,108,9,-3,126,112,HS,FF
173,171,135,114,4,6,126,112,HS,FF
171,169,135,118,0,4,133,111,HS,FF
168,162,132,115,-3,-3,133,111,HS,FF
165,157,134,110,2,-5,133,111,HS,FF
167,148,134,104,0,-6,133,111,HS,FF
171,143,127,98,-7,-6,118,90,FF,FF
173,140,122,93,-5,-5,118,90,FF,FF
174,136,118,87,-4,-6,118,90,FF,FF
173,134,108,83,-10,-4,118,90,FF,FF
172,134,107,75,-1,-8,105,81,FF,FF
171,140,106,81,-1,6,105,81,FF,FF
169,137,105,82,-1,1,105,81,FF,FF
167,143,104,86,-1,4,105,81,FF,FF
166,145,103,96,-1,10,101,100,FF,FF
165,151,102,99,-1,3,101,100,FF,FF
165,153,101,107,-1,8,101,100,FF,FF
166,158,99,99,-2,-8,101,100,FF,FF
166,157,107,104,8,5,112,111,FF,FF
166,158,113,110,6,6,112,111,FF,FF
165,157,116,120,3,10,112,111,FF,FF
159,157,122,120,6,0,112,111,FF,FF
