Left Knee Angle, Right Knee Angle, Left Ankle Angle, Right Ankle Angle, Left Ankle Delta, Right Ankle Delta,Left Ankle Avg,Right Ankle Avg,LA-GC-Phases,RA-GC-Phases
150,145,33,51,0,0,32,52,FF,FF
176,121,40,56,7,5,32,52,FF,FF
167,163,32,53,-8,-3,32,52,FF,FF
169,167,24,48,-8,-5,32,52,FF,FF
172,165,31,45,7,-3,24,40,FF,FF
166,167,21,40,-10,-5,24,40,FF,FF
161,169,23,40,2,0,24,40,FF,FF
165,159,23,36,0,-4,24,40,FF,FF
164,151,25,31,2,-5,25,41,FF,FF
166,144,26,39,1,8,25,41,FF,FF
167,150,28,49,2,10,25,41,FF,FF
166,151,24,45,-4,-4,25,41,FF,FF
164,171,23,50,-1,5,28,43,FF,FF
163,146,32,42,9,-8,28,43,FF,FF
165,158,29,38,-3,-4,28,43,FF,FF
151,147,29,44,0,6,28,43,FF,FF
164,144,31,41,2,-3,26,37,FF,FF
171,143,26,35,-5,-6,26,37,FF,FF
155,122,25,39,-1,4,26,37,FF,FF
153,98,25,34,0,-5,26,37,FF,FF
175,148,26,44,1,10,26,47,FF,FF
171,149,23,47,-3,3,26,47,FF,FF
173,155,29,51,6,4,26,47,FF,FF
171,155,27,47,-2,-4,26,47,FF,FF
162,155,32,43,5,-4,26,39,FF,FF
166,158,23,39,-9,-4,26,39,FF,FF
172,152,24,34,1,-5,26,39,FF,FF
175,167,26,42,2,8,26,39,FF,FF
161,169,23,41,-3,-1,23,34,FF,FF
163,141,25,36,2,-5,23,34,FF,FF
140,141,23,32,-2,-4,23,34,FF,FF
167,161,22,28,-1,-4,23,34,FF,FF
170,169,28,32,6,4,30,40,FF,FF
170,170,35,35,7,3,30,40,FF,FF
172,160,31,44,-4,9,30,40,FF,FF
166,163,28,51,-3,7,30,40,FF,FF
164,169,27,57,-1,6,26,64,FF,HS
176,161,21,62,-6,5,26,64,FF,HS
173,157,24,66,3,4,26,64,FF,HS
159,162,32,71,8,5,26,64,FF,HS
169,165,29,62,-3,-9,24,56,FF,HS
173,168,22,59,-7,-3,24,56,FF,HS
173,168,23,55,1,-4,24,56,FF,HS
168,169,25,50,2,-5,24,56,FF,HS
171,167,23,45,-2,-5,23,38,FF,FF
176,169,24,41,1,-4,23,38,FF,FF
173,165,20,36,-4,-5,23,38,FF,FF
177,166,27,32,7,-4,23,38,FF,FF
171,167,34,28,7,-4,28,23,FF,FF
167,163,30,26,-4,-2,28,23,FF,FF
152,160,23,18,-7,-8,28,23,FF,FF
177,156,27,21,4,3,28,23,FF,FF
151,121,31,21,4,0,33,18,FF,TO
164,136,29,17,-2,-4,33,18,FF,TO
177,137,39,18,10,1,33,18,FF,TO
177,139,35,18,-4,0,33,18,FF,TO
177,140,25,18,-10,0,30,24,FF,FF
153,156,31,21,6,3,30,24,FF,FF
164,169,30,27,-1,6,30,24,FF,FF
159,172,34,31,4,4,30,24,FF,FF
161,171,26,39,-8,8,27,27,FF,FF
147,173,25,29,-1,-10,27,27,FF,FF
124,167,32,20,7,-9,27,27,FF,FF
95,169,25,22,-7,2,27,27,FF,FF
132,170,21,27,-4,5,20,35,TO,FF
73,173,24,33,3,6,20,35,TO,FF
74,127,19,37,-5,4,20,35,TO,FF
75,170,18,45,-1,8,20,35,TO,FF
76,163,16,40,-2,-5,13,33,TO,FF
76,161,12,36,-4,-4,13,33,TO,FF
71,161,13,32,1,-4,13,33,TO,FF
68,156,13,27,0,-5,13,33,TO,FF
63,150,12,36,-1,9,14,37,TO,FF
61,98,11,39,-1,3,14,37,TO,FF
33,128,17,39,6,0,14,37,TO,FF
20,127,18,36,1,-3,14,37,TO,FF
15,127,23,36,5,0,34,43,FF,FF
55,111,29,44,6,8,34,43,FF,FF
51,101,38,46,9,2,34,43,FF,FF
44,123,47,48,9,2,34,43,FF,FF
46,59,50,49,3,1,56,43,HS,FF
50,59,54,48,4,-1,56,43,HS,FF
140,154,58,41,4,-7,56,43,HS,FF
140,161,65,35,7,-6,56,43,HS,FF
128,167,61,30,-4,-5,48,25,HS,FF
120,143,52,27,-9,-3,48,25,HS,FF
117,146,44,24,-8,-3,48,25,HS,FF
106,130,37,21,-7,-3,48,25,HS,FF
118,164,31,18,-6,-3,23,21,FF,TO
128,170,26,21,-5,3,23,21,FF,TO
160,166,22,23,-4,2,23,21,FF,TO
149,168,16,22,-6,-1,23,21,FF,TO
165,160,12,29,-4,7,11,27,TO,FF
166,141,9,34,-3,5,11,27,TO,FF
154,145,13,29,4,-5,11,27,TO,FF
162,161,10,19,-3,-10,11,27,TO,FF
163,157,10,23,0,4,10,17,TO,TO
162,154,11,20,1,-3,10,17,TO,TO
156,140,12,13,1,-7,10,17,TO,TO
162,155,8,12,-4,-1,10,17,TO,TO
156,158,14,17,6,5,14,16,TO,TO
160,159,10,18,-4,1,14,16,TO,TO
164,157,14,20,4,2,14,16,TO,TO
171,144,21,12,7,-8,14,16,TO,TO
155,149,24,14,3,2,26,13,FF,TO
176,160,27,14,3,0,26,13,FF,TO
175,159,30,14,3,0,26,13,FF,TO
157,157,23,10,-7,-4,26,13,FF,TO
161,160,32,13,9,3,27,14,FF,TO
163,166,29,18,-3,5,27,14,FF,TO
157,152,25,15,-4,-3,27,14,FF,TO
161,167,25,10,0,-5,27,14,FF,TO
157,160,17,13,-8,3,19,13,TO,TO
158,165,25,14,8,1,19,13,TO,TO
159,169,20,13,-5,-1,19,13,TO,TO
160,167,16,13,-4,0,19,13,TO,TO
160,167,11,11,-5,-2,12,12,TO,TO
163,166,13,11,2,0,12,12,TO,TO
160,167,14,15,1,4,12,12,TO,TO
154,167,7,21,-7,6,12,12,TO,TO
