Left Knee Angle, Right Knee Angle, Left Ankle Angle, Right Ankle Angle, Left Ankle Delta, Right Ankle Delta,Left Ankle Avg,Right Ankle Avg,LA-GC-Phases,RA-GC-Phases
128,71,71,126,0,0,78,116,TO,FF
61,31,76,121,5,-5,78,116,TO,FF
32,25,82,114,6,-7,78,116,TO,FF
81,32,85,106,3,-8,78,116,TO,FF
16,31,90,99,5,-7,84,93,TO,FF
60,27,92,96,2,-3,84,93,TO,FF
22,62,82,91,-10,-5,84,93,TO,FF
20,48,75,87,-7,-4,84,93,TO,FF
56,46,78,83,3,-4,78,82,TO,TO
4,29,82,78,4,-5,78,82,TO,TO
44,9,79,84,-3,6,78,82,TO,TO
80,82,75,86,-4,2,78,82,TO,TO
64,80,72,95,-3,9,78,92,TO,FF
72,109,74,93,2,-2,78,92,TO,FF
50,9,80,88,6,-5,78,92,TO,FF
45,52,86,92,6,4,78,92,TO,FF
147,175,94,100,8,8,96,107,FF,FF
41,55,97,105,3,5,96,107,FF,FF
153,174,102,109,5,4,96,107,FF,FF
67,39,92,114,-10,5,96,107,FF,FF
166,174,96,118,4,4,99,109,FF,FF
53,27,101,111,5,-7,99,109,FF,FF
166,174,104,108,3,-3,99,109,FF,FF
69,29,96,101,-8,-7,99,109,FF,FF
174,171,99,104,3,3,93,104,FF,FF
83,35,95,104,-4,0,93,104,FF,FF
172,171,93,108,-2,4,93,104,FF,FF
81,39,88,103,-5,-5,93,104,FF,FF
177,171,89,109,1,6,85,107,TO,FF
77,35,84,105,-5,-4,85,107,TO,FF
175,175,85,105,1,0,85,107,TO,FF
72,45,82,110,-3,5,85,107,TO,FF
171,175,91,111,9,1,97,113,FF,FF
53,52,94,117,3,6,97,113,FF,FF
167,173,98,114,4,-3,97,113,FF,FF
52,31,108,113,10,-1,97,113,FF,FF
169,173,116,114,8,1,121,110,HS,FF
54,24,125,108,9,-6,121,110,HS,FF
169,175,126,111,1,3,121,110,HS,FF
54,26,120,107,-6,-4,121,110,HS,FF
163,177,110,112,-10,5,99,110,FF,FF
64,35,103,115,-7,3,99,110,FF,FF
164,177,95,111,-8,-4,99,110,FF,FF
71,22,89,105,-6,-6,99,110,FF,FF
163,178,84,110,-5,5,80,101,TO,FF
68,25,79,100,-5,-10,80,101,TO,FF
162,168,78,101,-1,1,80,101,TO,FF
61,79,80,94,2,-7,80,101,TO,FF
168,167,83,104,3,10,82,102,TO,FF
51,39,76,101,-7,-3,82,102,TO,FF
166,160,84,106,8,5,82,102,TO,FF
48,14,86,97,2,-9,82,102,TO,FF
170,160,92,101,6,4,89,94,FF,FF
48,14,88,93,-4,-8,89,94,FF,FF
171,148,93,96,5,3,89,94,FF,FF
45,13,85,89,-8,-7,89,94,FF,FF
170,145,91,98,6,9,89,93,FF,FF
44,16,86,90,-5,-8,89,93,FF,FF
171,146,92,97,6,7,89,93,FF,FF
46,17,89,89,-3,-8,89,93,FF,FF
171,151,93,92,4,3,95,90,FF,FF
54,15,96,86,3,-6,95,90,FF,FF
172,153,98,96,2,10,95,90,FF,FF
58,16,96,89,-2,-7,95,90,FF,FF
172,161,106,98,10,9,97,93,FF,FF
64,19,101,90,-5,-8,97,93,FF,FF
172,160,93,97,-8,7,97,93,FF,FF
64,15,89,90,-4,-7,97,93,FF,FF
173,166,86,93,-3,3,90,89,FF,FF
62,64,88,84,2,-9,90,89,FF,FF
173,163,91,94,3,10,90,89,FF,FF
57,41,95,85,4,-9,90,89,FF,FF
175,169,98,91,3,6,95,86,FF,TO
96,49,94,83,-4,-8,95,86,FF,TO
173,167,93,89,-1,6,95,86,FF,TO
145,49,97,81,4,-8,95,86,FF,TO
178,172,101,84,4,3,96,84,FF,TO
101,16,91,85,-10,1,96,84,FF,TO
178,173,99,88,8,3,96,84,FF,TO
105,36,96,81,-3,-7,96,84,FF,TO
176,172,96,84,0,3,91,83,FF,TO
105,37,92,79,-4,-5,91,83,FF,TO
170,174,90,87,-2,8,91,83,FF,TO
93,39,87,83,-3,-4,91,83,FF,TO
164,173,88,89,1,6,84,82,TO,TO
132,44,84,84,-4,-5,84,82,TO,TO
160,171,85,78,1,-6,84,82,TO,TO
131,91,82,78,-3,0,84,82,TO,TO
149,171,87,84,5,6,85,77,TO,TO
59,9,83,74,-4,-10,85,77,TO,TO
145,171,87,77,4,3,85,77,TO,TO
62,14,83,76,-4,-1,85,77,TO,TO
138,174,80,79,-3,3,77,85,TO,TO
49,16,74,83,-6,4,77,85,TO,TO
138,176,77,88,3,5,77,85,TO,TO
37,16,78,93,1,5,77,85,TO,TO
138,177,80,98,2,5,85,106,TO,FF
59,18,83,104,3,6,85,106,TO,FF
134,179,87,110,4,6,85,106,TO,FF
55,22,92,113,5,3,85,106,TO,FF
144,177,102,117,10,4,101,124,FF,HS
50,20,98,125,-4,8,101,124,FF,HS
139,179,106,131,8,6,101,124,FF,HS
50,19,100,125,-6,-6,101,124,FF,HS
149,177,98,117,-2,-8,100,125,FF,HS
48,20,100,125,2,8,100,125,FF,HS
154,175,103,132,3,7,100,125,FF,HS
46,18,99,127,-4,-5,100,125,FF,HS
164,174,95,130,-4,3,95,127,FF,HS
50,19,91,127,-4,-3,95,127,FF,HS
168,175,94,128,3,1,95,127,FF,HS
71,3,103,123,9,-5,95,127,FF,HS
174,178,112,125,9,2,109,127,FF,HS
40,4,106,128,-6,3,109,127,FF,HS
172,174,113,124,7,-4,109,127,FF,HS
38,1,106,131,-7,7,109,127,FF,HS
172,176,113,121,7,-10,110,124,FF,HS
39,12,106,130,-7,9,110,124,FF,HS
168,176,112,123,6,-7,110,124,FF,HS
38,15,84,161,-28,38,110,124,FF,HS
