Left Knee Angle, Right Knee Angle, Left Ankle Angle, Right Ankle Angle, Left Ankle Delta, Right Ankle Delta,Left Ankle Avg,Right Ankle Avg,LA-GC-Phases,RA-GC-Phases
43,75,141,144,0,0,133,129,HS,HS
93,155,137,136,-4,-8,133,129,HS,HS
24,65,130,125,-7,-11,133,129,HS,HS
13,98,124,112,-6,-13,133,129,HS,HS
22,38,119,104,-5,-8,121,96,FF,FF
20,99,115,96,-4,-8,121,96,FF,FF
17,57,122,91,7,-5,121,96,FF,FF
142,25,128,94,6,3,121,96,FF,FF
103,64,121,90,-7,-4,104,84,FF,FF
157,145,110,83,-11,-7,104,84,FF,FF
53,20,100,80,-10,-3,104,84,FF,FF
125,36,88,83,-12,3,104,84,FF,FF
124,19,76,84,-12,1,76,79,FF,FF
121,78,72,85,-4,1,76,79,FF,FF
104,101,77,78,5,-7,76,79,FF,FF
67,106,80,71,3,-7,76,79,FF,FF
62,84,87,66,7,-5,94,56,FF,FF
85,106,92,57,5,-9,94,56,FF,FF
64,136,94,53,2,-4,94,56,FF,FF
39,99,104,50,10,-3,94,56,FF,FF
24,106,107,53,3,3,111,47,FF,TO
24,116,112,48,5,-5,111,47,FF,TO
22,121,112,40,0,-8,111,47,FF,TO
31,37,115,50,3,10,111,47,FF,TO
39,157,110,46,-5,-4,108,39,FF,TO
138,162,109,38,-1,-8,108,39,FF,TO
125,150,104,34,-5,-4,108,39,FF,TO
91,67,109,38,5,4,108,39,FF,TO
127,101,105,43,-4,5,118,40,FF,TO
116,60,115,46,10,3,118,40,FF,TO
158,99,121,39,6,-7,118,40,FF,TO
161,110,131,35,10,-4,118,40,FF,TO
165,165,128,42,-3,7,126,49,HS,TO
173,132,124,46,-4,4,126,49,HS,TO
161,134,126,53,2,7,126,49,HS,TO
155,156,126,57,0,4,126,49,HS,TO
152,153,120,62,-6,5,108,71,FF,FF
156,168,111,68,-9,6,108,71,FF,FF
149,174,103,74,-8,6,108,71,FF,FF
163,156,99,82,-4,8,108,71,FF,FF
148,156,91,90,-8,8,82,101,FF,FF
171,176,87,98,-4,8,82,101,FF,FF
166,168,81,107,-6,9,82,101,FF,FF
156,162,72,112,-9,5,82,101,FF,FF
155,170,75,115,3,3,82,119,FF,FF
155,167,80,119,5,4,82,119,FF,FF
158,165,90,123,10,4,82,119,FF,FF
159,166,85,119,-5,-4,82,119,FF,FF
159,169,78,116,-7,-3,69,113,TO,FF
155,152,71,117,-7,1,69,113,TO,FF
155,172,65,115,-6,-2,69,113,TO,FF
157,163,62,106,-3,-9,69,113,TO,FF
162,160,58,111,-4,5,60,114,TO,FF
165,160,58,114,0,3,60,114,TO,FF
157,159,61,118,3,4,60,114,TO,FF
163,162,65,114,4,-4,60,114,TO,FF
167,165,71,111,6,-3,79,103,FF,FF
162,158,76,108,5,-3,79,103,FF,FF
160,163,82,98,6,-10,79,103,FF,FF
155,162,88,97,6,-1,79,103,FF,FF
167,163,93,107,5,10,100,103,FF,FF
160,164,98,98,5,-9,100,103,FF,FF
173,164,103,105,5,7,100,103,FF,FF
177,164,107,104,4,-1,100,103,FF,FF
167,163,112,100,5,-4,118,89,FF,FF
169,165,115,90,3,-10,118,89,FF,FF
167,157,122,83,7,-7,118,89,FF,FF
166,153,126,83,4,0,118,89,FF,FF
170,148,122,82,-4,-1,127,81,HS,FF
160,147,125,85,3,3,127,81,HS,FF
165,147,127,84,2,-1,127,81,HS,FF
167,143,136,76,9,-8,127,81,HS,FF
166,141,127,86,-9,10,129,90,HS,FF
166,148,129,90,2,4,129,90,HS,FF
162,143,134,92,5,2,129,90,HS,FF
161,150,128,95,-6,3,129,90,HS,FF
166,159,120,102,-8,7,126,110,HS,FF
165,149,124,107,4,5,126,110,HS,FF
161,160,133,113,9,6,126,110,HS,FF
163,161,130,118,-3,5,126,110,HS,FF
164,164,126,121,-4,3,118,121,FF,FF
162,166,121,117,-5,-4,118,121,FF,FF
160,157,116,122,-5,5,118,121,FF,FF
158,158,109,126,-7,4,118,121,FF,FF
158,152,103,133,-6,7,91,135,FF,HS
153,154,95,138,-8,5,91,135,FF,HS
153,155,89,135,-6,-3,91,135,FF,HS
149,153,80,135,-9,0,91,135,FF,HS
150,154,83,134,3,-1,84,128,FF,HS
150,152,82,125,-1,-9,84,128,FF,HS
153,153,85,132,3,7,84,128,FF,HS
153,155,89,122,4,-10,84,128,FF,HS
157,156,93,123,4,1,97,119,FF,FF
160,157,95,116,2,-7,97,119,FF,FF
155,158,98,120,3,4,97,119,FF,FF
162,159,102,119,4,-1,97,119,FF,FF
159,159,104,123,2,4,108,127,FF,HS
164,160,107,126,3,3,108,127,FF,HS
164,162,110,128,3,2,108,127,FF,HS
168,161,114,131,4,3,108,127,FF,HS
169,162,117,131,3,0,120,120,FF,FF
170,162,120,126,3,-5,120,120,FF,FF
172,163,122,116,2,-10,120,120,FF,FF
173,167,123,109,1,-7,120,120,FF,FF
171,165,126,103,3,-6,125,108,HS,FF
170,160,126,105,0,2,125,108,HS,FF
166,158,125,107,-1,2,125,108,HS,FF
166,151,125,117,0,10,125,108,HS,FF
166,154,126,125,1,8,125,124,HS,FF
165,152,127,122,1,-3,125,124,HS,FF
165,153,126,122,-1,0,125,124,HS,FF
165,156,124,128,-2,6,125,124,HS,FF
166,157,122,123,-2,-5,120,122,FF,FF
167,159,117,129,-5,6,120,122,FF,FF
167,161,120,119,3,-10,120,122,FF,FF
168,160,121,119,1,0,120,122,FF,FF
168,162,120,124,-1,5,119,124,FF,FF
169,163,121,124,1,0,119,124,FF,FF
169,163,118,125,-3,1,119,124,FF,FF
170,166,117,129,-1,4,119,124,FF,FF
