Left Knee Angle, Right Knee Angle, Left Ankle Angle, Right Ankle Angle, Left Ankle Delta, Right Ankle Delta,Left Ankle Avg,Right Ankle Avg,LA-GC-Phases,RA-GC-Phases
59,115,116,13,0,0,106,21,FF,FF
68,50,110,16,-6,3,106,21,FF,FF
51,66,102,25,-8,9,106,21,FF,FF
83,77,99,33,-3,8,106,21,FF,FF
36,117,98,30,-1,-3,89,21,FF,FF
44,59,94,25,-4,-5,89,21,FF,FF
117,63,88,20,-6,-5,89,21,FF,FF
154,66,79,10,-9,-10,89,21,FF,FF
56,133,70,4,-9,-6,59,10,FF,TO
71,134,62,7,-8,3,59,10,FF,TO
69,135,55,15,-7,8,59,10,FF,TO
65,109,49,15,-6,0,59,10,FF,TO
65,90,43,10,-6,-5,40,7,FF,TO
48,133,40,5,-3,-5,40,7,FF,TO
77,121,35,8,-5,3,40,7,FF,TO
69,155,45,8,10,0,40,7,FF,TO
78,168,40,13,-5,5,34,14,FF,TO
80,141,35,16,-5,3,34,14,FF,TO
80,170,32,16,-3,0,34,14,FF,TO
87,156,29,13,-3,-3,34,14,FF,TO
73,165,19,20,-10,7,26,36,TO,FF
78,159,23,32,4,12,26,36,TO,FF
85,151,29,44,6,12,26,36,TO,FF
63,155,36,50,7,6,26,36,TO,FF
51,177,43,56,7,6,33,68,FF,FF
158,170,33,65,-10,9,33,68,FF,FF
163,151,27,73,-6,8,33,68,FF,FF
161,163,30,80,3,7,33,68,FF,FF
170,146,36,87,6,7,36,95,FF,FF
115,152,44,92,8,5,36,95,FF,FF
152,145,35,97,-9,5,36,95,FF,FF
161,137,29,106,-6,9,36,95,FF,FF
153,153,23,112,-6,6,16,111,TO,FF
159,156,18,108,-5,-4,16,111,TO,FF
159,146,9,116,-9,8,16,111,TO,FF
167,153,17,110,8,-6,16,111,TO,FF
169,155,10,115,-7,5,19,106,TO,FF
165,156,16,108,6,-7,19,106,TO,FF
164,155,21,103,5,-5,19,106,TO,FF
170,159,30,99,9,-4,19,106,TO,FF
165,143,41,93,11,-6,56,88,FF,FF
168,161,52,89,11,-4,56,88,FF,FF
167,157,62,86,10,-3,56,88,FF,FF
164,157,71,87,9,1,56,88,FF,FF
168,159,76,90,5,3,85,95,FF,FF
159,158,82,95,6,5,85,95,FF,FF
158,155,88,95,6,0,85,95,FF,FF
159,157,94,102,6,7,85,95,FF,FF
160,157,99,105,5,3,107,104,FF,FF
162,166,104,110,5,5,107,104,FF,FF
162,157,110,106,6,-4,107,104,FF,FF
164,147,116,98,6,-8,107,104,FF,FF
166,156,119,106,3,8,121,113,FF,FF
164,166,126,111,7,5,121,113,FF,FF
167,171,123,115,-3,4,121,113,FF,FF
170,170,118,120,-5,5,121,113,FF,FF
164,161,112,116,-6,-4,104,110,FF,FF
160,156,107,112,-5,-4,104,110,FF,FF
155,152,102,109,-5,-3,104,110,FF,FF
152,153,97,106,-5,-3,104,110,FF,FF
148,151,92,103,-5,-3,84,100,FF,FF
151,152,87,101,-5,-2,84,100,FF,FF
146,155,83,100,-4,-1,84,100,FF,FF
151,156,77,99,-6,-1,84,100,FF,FF
149,160,80,98,3,-1,87,97,FF,FF
155,160,85,97,5,-1,87,97,FF,FF
155,163,90,97,5,0,87,97,FF,FF
164,165,95,96,5,-1,87,97,FF,FF
166,166,100,95,5,-1,105,100,FF,FF
173,167,104,94,4,-1,105,100,FF,FF
175,168,108,103,4,9,105,100,FF,FF
176,167,111,109,3,6,105,100,FF,FF
173,165,116,113,5,4,120,108,FF,FF
170,162,119,116,3,3,120,108,FF,FF
165,155,122,106,3,-10,120,108,FF,FF
165,145,126,98,4,-8,120,108,FF,FF
165,140,127,92,1,-6,129,96,HS,FF
166,138,129,94,2,2,129,96,HS,FF
167,139,131,97,2,3,129,96,HS,FF
168,141,132,101,1,4,129,96,HS,FF
169,144,133,105,1,4,133,111,HS,FF
171,149,133,109,0,4,133,111,HS,FF
171,158,133,114,0,5,133,111,HS,FF
173,167,133,116,0,2,133,111,HS,FF
173,166,132,115,-1,-1,128,122,HS,HS
173,164,129,120,-3,5,128,122,HS,HS
169,154,124,123,-5,3,128,122,HS,HS
166,151,127,132,3,9,128,122,HS,HS
159,147,131,132,4,0,133,128,HS,HS
153,148,138,128,7,-4,133,128,HS,HS
151,149,133,127,-5,-1,133,128,HS,HS
148,150,131,128,-2,1,133,128,HS,HS
151,152,123,128,-8,0,117,128,FF,HS
149,155,119,129,-4,1,117,128,FF,HS
154,157,112,128,-7,-1,117,128,FF,HS
154,159,117,127,5,-1,117,128,FF,HS
159,160,126,126,9,-1,120,124,FF,HS
162,162,120,124,-6,-2,120,124,FF,HS
169,163,122,124,2,0,120,124,FF,HS
170,163,114,123,-8,-1,120,124,FF,HS
170,163,118,122,4,-1,117,122,FF,HS
173,164,121,126,3,4,117,122,FF,HS
168,162,117,122,-4,-4,117,122,FF,HS
167,159,115,118,-2,-4,117,122,FF,HS
159,157,106,111,-9,-7,99,112,FF,FF
153,152,102,116,-4,5,99,112,FF,FF
143,145,97,113,-5,-3,99,112,FF,FF
137,139,91,110,-6,-3,99,112,FF,FF
163,140,86,106,-5,-4,73,99,FF,FF
165,143,78,96,-8,-10,73,99,FF,FF
166,137,69,98,-9,2,73,99,FF,FF
166,128,60,98,-9,0,73,99,FF,FF
166,152,52,92,-8,-6,42,77,FF,FF
165,158,45,83,-7,-9,42,77,FF,FF
166,159,39,73,-6,-10,42,77,FF,FF
166,161,32,63,-7,-10,42,77,FF,FF
165,164,27,54,-5,-9,23,46,TO,FF
164,165,23,46,-4,-8,23,46,TO,FF
164,169,20,39,-3,-7,23,46,TO,FF
165,3,13,12,-7,-27,23,46,TO,FF
