Left Knee Angle, Right Knee Angle, Left Ankle Angle, Right Ankle Angle, Left Ankle Delta, Right Ankle Delta,Left Ankle Avg,Right Ankle Avg,LA-GC-Phases,RA-GC-Phases
144,158,51,114,0,0,41,119,TO,HS
134,158,45,121,-6,7,41,119,TO,HS
152,164,38,125,-7,4,41,119,TO,HS
147,161,33,118,-5,-7,41,119,TO,HS
162,158,37,125,4,7,45,126,TO,HS
151,163,43,130,6,5,45,126,TO,HS
132,165,49,127,6,-3,45,126,TO,HS
126,166,54,123,5,-4,45,126,TO,HS
130,149,59,114,5,-9,65,103,FF,FF
136,157,64,104,5,-10,65,103,FF,FF
139,160,68,96,4,-8,65,103,FF,FF
144,163,72,100,4,4,65,103,FF,FF
147,169,78,106,6,6,90,99,FF,FF
160,176,86,99,8,-7,90,99,FF,FF
164,166,95,96,9,-3,90,99,FF,FF
155,159,103,97,8,1,90,99,FF,FF
153,159,107,103,4,6,109,97,FF,FF
154,144,115,93,8,-10,109,97,FF,FF
153,136,110,96,-5,3,109,97,FF,FF
151,129,105,99,-5,3,109,97,FF,FF
151,127,101,102,-4,3,91,103,FF,FF
157,134,91,97,-10,-5,91,103,FF,FF
156,135,90,105,-1,8,91,103,FF,FF
164,143,85,109,-5,4,91,103,FF,FF
165,157,78,112,-7,3,83,117,FF,HS
165,166,84,117,6,5,83,117,FF,HS
168,173,86,119,2,2,83,117,FF,HS
162,176,85,122,-1,3,83,117,FF,HS
159,168,80,124,-5,2,83,121,FF,HS
157,162,83,117,3,-7,83,121,FF,HS
150,157,87,121,4,4,83,121,FF,HS
143,157,82,124,-5,3,83,121,FF,HS
139,165,78,120,-4,-4,73,113,FF,FF
132,167,70,117,-8,-3,73,113,FF,FF
129,170,71,108,1,-9,73,113,FF,FF
133,174,75,107,4,-1,73,113,FF,FF
132,173,78,105,3,-2,80,101,FF,FF
129,173,79,102,1,-3,80,101,FF,FF
128,174,82,102,3,0,80,101,FF,FF
128,169,83,97,1,-5,80,101,FF,FF
139,169,93,95,10,-2,91,103,FF,FF
136,167,89,104,-4,9,91,103,FF,FF
144,168,95,111,6,7,91,103,FF,FF
139,167,90,105,-5,-6,91,103,FF,FF
142,165,92,100,2,-5,97,93,FF,FF
152,165,96,95,4,-5,97,93,FF,FF
155,161,98,91,2,-4,97,93,FF,FF
152,151,104,87,6,-4,97,93,FF,FF
155,144,101,83,-3,-4,102,80,FF,TO
151,133,98,80,-3,-3,102,80,FF,TO
148,126,103,77,5,-3,102,80,FF,TO
151,127,108,80,5,3,102,80,FF,TO
156,132,101,80,-7,0,93,88,FF,TO
157,136,96,88,-5,8,93,88,FF,TO
163,150,93,90,-3,2,93,88,FF,TO
166,165,85,94,-8,4,93,88,FF,TO
164,170,80,98,-5,4,77,104,FF,FF
164,173,79,102,-1,4,77,104,FF,FF
161,164,75,106,-4,4,77,104,FF,FF
155,158,75,112,0,6,77,104,FF,FF
149,159,69,108,-6,-4,68,107,FF,FF
142,162,65,108,-4,0,68,107,FF,FF
140,169,68,108,3,0,68,107,FF,FF
139,170,73,107,5,-1,68,107,FF,FF
137,173,76,114,3,7,81,120,FF,HS
137,175,81,118,5,4,81,120,FF,HS
136,176,84,121,3,3,81,120,FF,HS
132,174,84,128,0,7,81,120,FF,HS
136,173,91,121,7,-7,97,118,FF,HS
140,172,98,119,7,-2,97,118,FF,HS
144,172,99,119,1,0,97,118,FF,HS
146,171,101,115,2,-4,97,118,FF,HS
148,170,102,113,1,-2,98,118,FF,HS
149,170,100,117,-2,4,98,118,FF,HS
149,168,98,120,-2,3,98,118,FF,HS
149,165,95,123,-3,3,98,118,FF,HS
150,159,93,120,-2,-3,90,112,FF,FF
151,152,91,115,-2,-5,90,112,FF,FF
152,144,88,110,-3,-5,90,112,FF,FF
152,135,90,104,2,-6,90,112,FF,FF
153,130,94,99,4,-5,99,93,FF,FF
154,131,98,93,4,-6,99,93,FF,FF
157,135,105,90,7,-3,99,93,FF,FF
161,140,99,92,-6,2,99,93,FF,FF
161,151,94,95,-5,3,97,106,FF,FF
163,163,90,102,-4,7,97,106,FF,FF
166,175,98,111,8,9,97,106,FF,FF
161,167,106,118,8,7,97,106,FF,FF
160,160,98,110,-8,-8,87,108,FF,FF
154,160,90,108,-8,-2,87,108,FF,FF
148,162,84,107,-6,-1,87,108,FF,FF
143,167,79,107,-5,0,87,108,FF,FF
140,170,76,106,-3,-1,77,103,FF,FF
139,171,72,104,-4,-2,77,103,FF,FF
144,171,79,103,7,-1,77,103,FF,FF
140,172,82,101,3,-2,77,103,FF,FF
143,172,84,100,2,-1,87,109,FF,FF
145,172,87,107,3,7,87,109,FF,FF
145,172,89,112,2,5,87,109,FF,FF
145,171,91,117,2,5,87,109,FF,FF
152,170,96,120,5,3,97,116,FF,HS
154,168,105,120,9,0,97,116,FF,HS
155,164,96,115,-9,-5,97,116,FF,HS
155,156,94,112,-2,-3,97,116,FF,HS
156,148,92,108,-2,-4,96,104,FF,FF
157,142,91,113,-1,5,96,104,FF,FF
157,134,99,103,8,-10,96,104,FF,FF
154,135,102,93,3,-10,96,104,FF,FF
154,136,105,96,3,3,105,101,FF,FF
156,149,103,105,-2,9,105,101,FF,FF
158,151,106,97,3,-8,105,101,FF,FF
160,161,107,106,1,9,105,101,FF,FF
156,156,114,110,7,4,118,111,HS,FF
157,160,121,115,7,5,118,111,HS,FF
158,158,119,111,-2,-4,118,111,HS,FF
159,156,121,111,2,0,118,111,HS,FF
158,155,114,109,-7,-2,123,106,HS,FF
152,142,123,105,9,-4,123,106,HS,FF
142,150,133,104,10,-1,123,106,HS,FF
140,113,126,68,-7,-36,123,106,HS,FF
