Left Knee Angle, Right Knee Angle, Left Ankle Angle, Right Ankle Angle, Left Ankle Delta, Right Ankle Delta,Left Ankle Avg,Right Ankle Avg,LA-GC-Phases,RA-GC-Phases
154,165,14,130,0,0,24,130,TO,HS
161,167,21,138,7,8,24,130,TO,HS
154,169,27,130,6,-8,24,130,TO,HS
152,170,35,124,8,-6,24,130,TO,HS
164,169,44,119,9,-5,56,116,FF,FF
137,169,52,115,8,-4,56,116,FF,FF
135,169,60,119,8,4,56,116,FF,FF
147,173,69,114,9,-5,56,116,FF,FF
157,174,77,119,8,5,87,124,FF,HS
155,167,84,122,7,3,87,124,FF,HS
163,168,91,129,7,7,87,124,FF,HS
168,169,98,127,7,-2,87,124,FF,HS
172,163,104,123,6,-4,111,114,FF,FF
175,165,109,115,5,-8,111,114,FF,FF
174,164,113,107,4,-8,111,114,FF,FF
175,162,119,111,6,4,111,114,FF,FF
174,162,124,110,5,-1,128,109,HS,FF
170,159,127,103,3,-7,128,109,HS,FF
165,158,129,110,2,7,128,109,HS,FF
163,155,132,113,3,3,128,109,HS,FF
160,154,135,103,3,-10,127,100,HS,FF
160,143,129,109,-6,6,127,100,HS,FF
163,140,124,99,-5,-10,127,100,HS,FF
163,138,120,91,-4,-8,127,100,HS,FF
165,130,110,85,-10,-6,112,85,FF,FF
168,138,108,82,-2,-3,112,85,FF,FF
168,136,114,84,6,2,112,85,FF,FF
170,143,119,90,5,6,112,85,FF,FF
169,144,123,92,4,2,127,97,HS,FF
169,148,125,96,2,4,127,97,HS,FF
171,153,135,98,10,2,127,97,HS,FF
173,158,127,103,-8,5,127,97,HS,FF
174,166,121,111,-6,8,114,114,FF,FF
175,170,116,114,-5,3,114,114,FF,FF
175,169,112,116,-4,2,114,114,FF,FF
176,170,109,116,-3,0,114,114,FF,FF
175,169,106,112,-3,-4,111,109,FF,FF
168,168,110,111,4,-1,111,109,FF,FF
160,169,114,109,4,-2,111,109,FF,FF
154,164,114,104,0,-5,111,109,FF,FF
154,163,107,103,-7,-1,109,104,FF,FF
151,165,112,102,5,-1,109,104,FF,FF
153,164,106,101,-6,-1,109,104,FF,FF
153,166,111,110,5,9,109,104,FF,FF
154,167,107,115,-4,5,109,109,FF,FF
161,171,103,111,-4,-4,109,109,FF,FF
166,170,110,108,7,-3,109,109,FF,FF
166,168,116,104,6,-4,109,109,FF,FF
171,169,119,95,3,-9,128,91,HS,FF
170,168,128,93,9,-2,128,91,HS,FF
176,167,135,89,7,-4,128,91,HS,FF
177,164,133,88,-2,-1,128,91,HS,FF
174,165,135,87,2,-1,133,83,HS,FF
171,169,133,85,-2,-2,133,83,HS,FF
173,166,133,83,0,-2,133,83,HS,FF
170,159,133,77,0,-6,133,83,HS,FF
163,158,132,76,-1,-1,131,71,HS,TO
167,149,136,71,4,-5,131,71,HS,TO
154,146,133,71,-3,0,131,71,HS,TO
157,136,126,68,-7,-3,131,71,HS,TO
159,136,121,67,-5,-1,115,67,FF,TO
160,134,117,66,-4,-1,115,67,FF,TO
160,130,113,67,-4,1,115,67,FF,TO
161,134,110,69,-3,2,115,67,FF,TO
161,133,100,72,-10,3,98,75,FF,TO
164,134,99,73,-1,1,98,75,FF,TO
163,140,98,76,-1,3,98,75,FF,TO
164,143,97,81,-1,5,98,75,FF,TO
166,145,97,88,0,7,96,100,FF,FF
169,155,97,98,0,10,96,100,FF,FF
171,160,97,104,0,6,96,100,FF,FF
174,167,96,110,-1,6,96,100,FF,FF
174,173,95,117,-1,7,99,122,FF,HS
174,176,104,122,9,5,99,122,FF,HS
175,177,101,125,-3,3,99,122,FF,HS
171,175,98,127,-3,2,99,122,FF,HS
166,173,94,137,-4,10,95,128,FF,HS
165,172,103,131,9,-6,95,128,FF,HS
156,169,96,126,-7,-5,95,128,FF,HS
152,167,90,121,-6,-5,95,128,FF,HS
149,168,86,117,-4,-4,78,110,FF,FF
141,169,82,113,-4,-4,78,110,FF,FF
141,168,73,110,-9,-3,78,110,FF,FF
136,169,74,101,1,-9,78,110,FF,FF
141,169,77,100,3,-1,86,102,FF,FF
141,173,82,98,5,-2,86,102,FF,FF
147,171,88,107,6,9,86,102,FF,FF
155,173,98,104,10,-3,86,102,FF,FF
159,170,104,101,6,-3,112,93,FF,FF
164,165,111,98,7,-3,112,93,FF,FF
169,165,116,88,5,-10,112,93,FF,FF
175,164,120,86,4,-2,112,93,FF,FF
174,166,123,88,3,2,127,85,HS,FF
177,167,125,93,2,5,127,85,HS,FF
176,168,127,83,2,-10,127,85,HS,FF
175,165,133,79,6,-4,127,85,HS,FF
173,165,134,88,1,9,135,82,HS,FF
171,163,134,85,0,-3,135,82,HS,FF
168,157,136,81,2,-4,135,82,HS,FF
159,154,136,77,0,-4,135,82,HS,FF
159,147,129,74,-7,-3,121,66,FF,TO
160,146,123,65,-6,-9,121,66,FF,TO
158,139,118,64,-5,-1,121,66,FF,TO
161,139,114,64,-4,0,121,66,FF,TO
163,129,111,61,-3,-3,103,66,FF,TO
163,135,102,66,-9,5,103,66,FF,TO
164,136,101,68,-1,2,103,66,FF,TO
165,139,100,72,-1,4,103,66,FF,TO
166,142,98,78,-2,6,97,85,FF,FF
167,144,97,83,-1,5,97,85,FF,FF
171,148,97,88,0,5,97,85,FF,FF
172,152,97,94,0,6,97,85,FF,FF
171,155,95,100,-2,6,93,106,FF,FF
172,161,95,105,0,5,93,106,FF,FF
174,167,94,110,-1,5,93,106,FF,FF
173,169,91,111,-3,1,93,106,FF,FF
170,170,101,111,10,0,96,108,FF,FF
165,170,96,109,-5,-2,96,108,FF,FF
163,169,92,106,-4,-3,96,108,FF,FF
156,166,77,103,-15,-3,96,108,FF,FF
