Left Knee Angle, Right Knee Angle, Left Ankle Angle, Right Ankle Angle, Left Ankle Delta, Right Ankle Delta,Left Ankle Avg,Right Ankle Avg,LA-GC-Phases,RA-GC-Phases
177,159,139,122,0,0,137,116,HS,FF
177,160,137,116,-2,-6,137,116,HS,FF
173,161,136,114,-1,-2,137,116,HS,FF
174,160,137,113,1,-1,137,116,HS,FF
173,160,130,113,-7,0,131,115,HS,FF
174,158,136,113,6,0,131,115,HS,FF
175,156,129,120,-7,7,131,115,HS,FF
171,156,132,116,3,-4,131,115,HS,FF
177,152,125,122,-7,6,126,120,FF,FF
176,152,126,126,1,4,126,120,FF,FF
175,156,130,120,4,-6,126,120,FF,FF
175,157,125,114,-5,-6,126,120,FF,FF
175,157,119,106,-6,-8,126,103,FF,TO
178,155,122,103,3,-3,126,103,FF,TO
177,161,131,100,9,-3,126,103,FF,TO
177,161,133,104,2,4,126,103,FF,TO
177,170,128,108,-5,4,128,117,HS,FF
173,171,129,112,1,4,128,117,HS,FF
176,172,127,122,-2,10,128,117,HS,FF
176,173,130,127,3,5,128,117,HS,FF
177,175,133,136,3,9,122,133,FF,HS
177,174,127,135,-6,-1,122,133,FF,HS
176,175,117,132,-10,-3,122,133,FF,HS
176,174,112,132,-5,0,122,133,FF,HS
174,175,108,135,-4,3,102,129,TO,HS
162,175,104,134,-4,-1,102,129,TO,HS
166,174,101,127,-3,-7,102,129,TO,HS
166,174,98,121,-3,-6,102,129,TO,HS
159,173,103,124,5,3,108,130,FF,HS
153,173,106,127,3,3,108,130,FF,HS
153,173,109,136,3,9,108,130,FF,HS
145,175,115,136,6,0,108,130,FF,HS
142,174,112,135,-3,-1,113,135,FF,HS
141,174,116,136,4,1,113,135,FF,HS
140,175,108,136,-8,0,113,135,FF,HS
142,175,116,136,8,0,113,135,FF,HS
145,176,109,134,-7,-2,119,134,FF,HS
150,176,117,136,8,2,119,134,FF,HS
153,176,124,134,7,-2,119,134,FF,HS
158,177,127,134,3,0,119,134,FF,HS
167,179,131,133,4,-1,132,133,HS,HS
170,179,129,134,-2,1,132,133,HS,HS
175,178,135,135,6,1,132,133,HS,HS
173,179,133,133,-2,-2,132,133,HS,HS
175,179,134,131,1,-2,135,129,HS,HS
176,178,134,130,0,-1,135,129,HS,HS
177,176,135,131,1,1,135,129,HS,HS
178,178,137,124,2,-7,135,129,HS,HS
176,178,138,118,1,-6,136,120,HS,FF
178,179,138,122,0,4,136,120,HS,FF
177,175,138,122,0,0,136,120,HS,FF
177,166,131,121,-7,-1,136,120,HS,FF
176,167,126,125,-5,4,119,128,FF,HS
175,168,122,132,-4,7,119,128,FF,HS
175,166,119,128,-3,-4,119,128,FF,HS
176,159,109,127,-10,-1,119,128,FF,HS
175,158,108,128,-1,1,107,125,FF,HS
177,157,108,131,0,3,107,125,FF,HS
176,155,108,126,0,-5,107,125,FF,HS
177,159,107,117,-1,-9,107,125,FF,HS
177,158,107,114,0,-3,106,119,FF,FF
177,161,107,116,0,2,106,119,FF,FF
178,165,106,126,-1,10,106,119,FF,FF
177,165,106,120,0,-6,106,119,FF,FF
177,169,105,124,-1,4,104,122,FF,FF
177,174,104,119,-1,-5,104,122,FF,FF
176,174,104,122,0,3,104,122,FF,FF
176,175,103,125,-1,3,104,122,FF,FF
176,176,101,128,-2,3,100,120,TO,FF
175,177,101,124,0,-4,100,120,TO,FF
176,175,101,120,0,-4,100,120,TO,FF
171,175,97,111,-4,-9,100,120,TO,FF
172,175,98,110,1,-1,97,108,TO,TO
175,175,98,109,0,-1,97,108,TO,TO
175,175,97,108,-1,-1,97,108,TO,TO
176,175,96,107,-1,-1,97,108,TO,TO
175,175,95,106,-1,-1,97,105,TO,TO
168,175,92,106,-3,0,97,105,TO,TO
170,175,102,105,10,-1,97,105,TO,TO
168,174,99,104,-3,-1,97,105,TO,TO
168,175,89,103,-10,-1,93,101,TO,TO
156,176,99,102,10,-1,93,101,TO,TO
154,176,95,101,-4,-1,93,101,TO,TO
144,177,91,100,-4,-1,93,101,TO,TO
140,177,100,99,9,-1,105,98,FF,TO
143,176,105,99,5,0,105,98,FF,TO
140,176,108,99,3,0,105,98,FF,TO
141,177,109,98,1,-1,105,98,FF,TO
146,177,114,97,5,-1,112,102,FF,TO
152,179,117,96,3,-1,112,102,FF,TO
159,179,107,105,-10,9,112,102,FF,TO
165,179,113,112,6,7,112,102,FF,TO
173,178,119,108,6,-4,123,100,FF,TO
178,178,122,104,3,-4,123,100,FF,TO
177,177,125,94,3,-10,123,100,FF,TO
177,178,128,94,3,0,123,100,FF,TO
176,179,135,104,7,10,135,108,HS,TO
176,179,135,111,0,7,135,108,HS,TO
176,177,135,105,0,-6,135,108,HS,TO
177,178,137,112,2,7,135,108,HS,TO
177,178,137,117,0,5,137,122,HS,FF
177,178,139,120,2,3,137,122,HS,FF
176,174,137,124,-2,4,137,122,HS,FF
175,175,138,128,1,4,137,122,HS,FF
176,171,132,126,-6,-2,125,122,FF,FF
177,171,127,124,-5,-2,125,122,FF,FF
176,166,123,122,-4,-2,125,122,FF,FF
175,163,119,119,-4,-3,125,122,FF,FF
176,166,109,123,-10,4,108,120,FF,FF
176,162,108,124,-1,1,108,120,FF,FF
175,161,108,118,0,-6,108,120,FF,FF
176,162,107,115,-1,-3,108,120,FF,FF
176,160,106,110,-1,-5,105,111,FF,FF
175,160,106,113,0,3,105,111,FF,FF
175,162,105,109,-1,-4,105,111,FF,FF
176,165,105,114,0,5,105,111,FF,FF
176,167,105,117,0,3,104,113,FF,FF
176,167,105,109,0,-8,104,113,FF,FF
175,168,104,115,-1,6,104,113,FF,FF
175,169,104,118,0,3,104,113,FF,FF
