Left Knee Angle, Right Knee Angle, Left Ankle Angle, Right Ankle Angle, Left Ankle Delta, Right Ankle Delta,Left Ankle Avg,Right Ankle Avg,LA-GC-Phases,RA-GC-Phases
99,20,86,104,0,0,82,107,FF,FF
36,60,82,104,-4,0,82,107,FF,FF
61,31,77,107,-5,3,82,107,FF,FF
40,23,83,116,6,9,82,107,FF,FF
104,16,79,126,-4,10,85,115,FF,FF
73,23,80,118,1,-8,85,115,FF,FF
114,25,88,112,8,-6,85,115,FF,FF
52,27,94,105,6,-7,85,115,FF,FF
41,41,89,101,-5,-4,78,97,FF,FF
58,38,82,101,-7,0,78,97,FF,FF
44,45,74,96,-8,-5,78,97,FF,FF
35,43,67,91,-7,-5,78,97,FF,FF
29,64,63,98,-4,7,55,86,FF,FF
37,38,58,90,-5,-8,55,86,FF,FF
81,43,53,84,-5,-6,55,86,FF,FF
72,42,48,74,-5,-10,55,86,FF,FF
47,42,43,75,-5,1,41,73,TO,FF
51,32,35,78,-8,3,41,73,TO,FF
70,29,40,70,5,-8,41,73,TO,FF
87,28,48,72,8,2,41,73,TO,FF
138,26,44,76,-4,4,50,83,TO,FF
34,25,49,80,5,4,50,83,TO,FF
17,45,52,86,3,6,50,83,TO,FF
41,55,55,92,3,6,50,83,TO,FF
48,158,54,98,-1,6,45,100,TO,FF
47,159,51,103,-3,5,45,100,TO,FF
160,161,41,97,-10,-6,45,100,TO,FF
171,91,36,105,-5,8,45,100,TO,FF
171,69,41,100,5,-5,51,90,TO,FF
167,56,48,95,7,-5,51,90,TO,FF
156,107,55,88,7,-7,51,90,TO,FF
171,106,62,79,7,-9,51,90,TO,FF
174,44,69,71,7,-8,78,60,FF,FF
166,44,76,64,7,-7,78,60,FF,FF
164,71,81,56,5,-8,78,60,FF,FF
167,153,86,49,5,-7,78,60,FF,FF
162,109,90,59,4,10,97,52,FF,TO
156,49,94,55,4,-4,97,52,FF,TO
148,18,98,50,4,-5,97,52,FF,TO
164,7,108,45,10,-5,97,52,FF,TO
165,20,116,40,8,-5,116,47,HS,TO
158,160,122,45,6,5,116,47,HS,TO
166,162,117,49,-5,4,116,47,HS,TO
143,157,110,54,-7,5,116,47,HS,TO
161,148,102,61,-8,7,103,73,FF,FF
164,155,108,70,6,9,103,73,FF,FF
162,155,100,77,-8,7,103,73,FF,FF
161,168,102,85,2,8,103,73,FF,FF
159,165,103,93,1,8,103,102,FF,FF
165,152,104,100,1,7,103,102,FF,FF
164,152,104,106,0,6,103,102,FF,FF
156,177,104,110,0,4,103,102,FF,FF
158,177,100,112,-4,2,92,114,FF,FF
168,173,95,119,-5,7,92,114,FF,FF
164,172,90,113,-5,-6,92,114,FF,FF
160,170,84,112,-6,-1,92,114,FF,FF
163,171,81,111,-3,-1,87,109,FF,FF
161,162,87,107,6,-4,87,109,FF,FF
156,163,90,107,3,0,87,109,FF,FF
162,171,90,112,0,5,87,109,FF,FF
160,165,100,105,10,-7,105,115,FF,FF
161,162,106,113,6,8,105,115,FF,FF
161,165,110,120,4,7,105,115,FF,FF
160,163,106,124,-4,4,105,115,FF,FF
166,165,111,128,5,4,107,118,FF,FF
156,168,107,121,-4,-7,107,118,FF,FF
161,164,103,115,-4,-6,107,118,FF,FF
166,160,107,110,4,-5,107,118,FF,FF
159,163,112,106,5,-4,111,97,FF,FF
165,165,106,96,-6,-10,111,97,FF,FF
167,162,113,94,7,-2,111,97,FF,FF
174,164,114,93,1,-1,111,97,FF,FF
156,154,117,90,3,-3,117,85,HS,FF
164,162,123,81,6,-9,117,85,HS,FF
168,163,120,83,-3,2,117,85,HS,FF
159,157,110,89,-10,6,117,85,HS,FF
159,150,103,86,-7,-3,104,83,FF,FF
160,151,103,86,0,0,104,83,FF,FF
160,144,110,81,7,-5,104,83,FF,FF
157,142,102,81,-8,0,104,83,FF,FF
153,143,95,86,-7,5,98,89,FF,FF
158,138,99,81,4,-5,98,89,FF,FF
160,142,99,91,0,10,98,89,FF,FF
162,147,99,100,0,9,98,89,FF,FF
166,154,99,109,0,9,95,116,FF,FF
165,151,98,115,-1,6,95,116,FF,FF
160,156,93,119,-5,4,95,116,FF,FF
161,161,92,123,-1,4,95,116,FF,FF
162,166,92,114,0,-9,100,118,FF,FF
166,166,94,120,2,6,100,118,FF,FF
166,166,104,124,10,4,100,118,FF,FF
167,169,110,117,6,-7,100,118,FF,FF
165,171,104,123,-6,6,98,128,FF,HS
162,170,99,126,-5,3,98,128,FF,HS
162,168,96,132,-3,6,98,128,FF,HS
162,168,93,134,-3,2,98,128,FF,HS
164,168,86,139,-7,5,81,134,FF,HS
157,166,81,135,-5,-4,81,134,FF,HS
150,166,77,134,-4,-1,81,134,FF,HS
153,165,80,131,3,-3,81,134,FF,HS
150,163,79,134,-1,3,83,131,FF,HS
153,162,82,133,3,-1,83,131,FF,HS
159,160,85,130,3,-3,83,131,FF,HS
162,159,89,128,4,-2,83,131,FF,HS
159,159,94,127,5,-1,101,127,FF,HS
162,160,99,128,5,1,101,127,FF,HS
160,159,103,126,4,-2,101,127,FF,HS
163,160,108,127,5,1,101,127,FF,HS
160,160,113,126,5,-1,118,125,HS,HS
163,162,117,127,4,1,118,125,HS,HS
164,162,120,126,3,-1,118,125,HS,HS
167,162,123,123,3,-3,118,125,HS,HS
168,163,127,123,4,0,124,122,HS,FF
168,163,120,120,-7,-3,124,122,HS,FF
172,164,129,124,9,4,124,122,HS,FF
171,163,121,123,-8,-1,124,122,HS,FF
168,162,119,123,-2,0,119,127,HS,HS
166,161,119,125,0,2,119,127,HS,HS
165,155,121,135,2,10,119,127,HS,HS
162,150,119,77,-2,-58,119,127,HS,HS
