Left Knee Angle, Right Knee Angle, Left Ankle Angle, Right Ankle Angle, Left Ankle Delta, Right Ankle Delta,Left Ankle Avg,Right Ankle Avg,LA-GC-Phases,RA-GC-Phases
53,77,113,42,0,0,121,33,FF,TO
6,119,118,37,5,-5,121,33,FF,TO
17,143,125,30,7,-7,121,33,FF,TO
26,134,128,25,3,-5,121,33,FF,TO
23,93,132,29,4,4,129,38,HS,TO
40,75,136,35,4,6,129,38,HS,TO
22,77,127,41,-9,6,129,38,HS,TO
49,24,124,47,-3,6,129,38,HS,TO
30,97,131,54,7,7,134,56,HS,FF
30,151,137,60,6,6,134,56,HS,FF
24,132,138,58,1,-2,134,56,HS,FF
36,121,132,55,-6,-3,134,56,HS,FF
43,116,139,50,7,-5,137,42,HS,TO
45,132,142,45,3,-5,137,42,HS,TO
29,142,137,40,-5,-5,137,42,HS,TO
30,127,133,35,-4,-5,137,42,HS,TO
39,115,128,40,-5,5,128,43,HS,TO
19,112,124,50,-4,10,128,43,HS,TO
16,154,129,40,5,-10,128,43,HS,TO
16,122,133,45,4,5,128,43,HS,TO
13,144,139,38,6,-7,133,33,HS,TO
13,149,133,34,-6,-4,133,33,HS,TO
18,102,135,33,2,-1,133,33,HS,TO
17,87,126,28,-9,-5,133,33,HS,TO
159,40,118,37,-8,9,113,47,FF,FF
148,70,114,44,-4,7,113,47,FF,FF
152,156,110,49,-4,5,113,47,FF,FF
167,154,113,58,3,9,113,47,FF,FF
152,156,108,69,-5,11,100,83,FF,FF
159,156,98,80,-10,11,100,83,FF,FF
152,131,95,89,-3,9,100,83,FF,FF
128,155,100,94,5,5,100,83,FF,FF
156,169,94,100,-6,6,94,106,FF,FF
150,163,97,104,3,4,94,106,FF,FF
41,157,93,108,-4,4,94,106,FF,FF
134,152,95,114,2,6,94,106,FF,FF
132,150,105,118,10,4,100,115,FF,FF
140,139,96,115,-9,-3,100,115,FF,FF
155,125,98,116,2,1,100,115,FF,FF
120,137,104,114,6,-2,100,115,FF,FF
164,159,112,107,8,-7,111,101,FF,FF
153,156,108,99,-4,-8,111,101,FF,FF
145,153,113,97,5,-2,111,101,FF,FF
174,158,114,101,1,4,111,101,FF,FF
147,159,116,99,2,-2,120,100,FF,FF
151,163,122,103,6,4,120,100,FF,FF
151,163,119,101,-3,-2,120,100,FF,FF
156,162,125,100,6,-1,120,100,FF,FF
166,157,119,92,-6,-8,119,93,FF,FF
158,161,122,96,3,4,119,93,FF,FF
168,167,120,94,-2,-2,119,93,FF,FF
168,164,118,90,-2,-4,119,93,FF,FF
169,166,123,92,5,2,112,88,FF,FF
169,160,115,90,-8,-2,112,88,FF,FF
164,155,109,87,-6,-3,112,88,FF,FF
169,154,103,84,-6,-3,112,88,FF,FF
163,160,93,89,-10,5,100,82,FF,FF
164,151,96,83,3,-6,100,82,FF,FF
163,153,106,77,10,-6,100,82,FF,FF
167,153,107,80,1,3,100,82,FF,FF
160,151,112,89,5,9,106,93,FF,FF
164,153,104,96,-8,7,106,93,FF,FF
170,160,105,98,1,2,106,93,FF,FF
172,149,103,91,-2,-7,106,93,FF,FF
169,150,102,97,-1,6,104,101,FF,FF
165,153,109,100,7,3,104,101,FF,FF
162,157,105,104,-4,4,104,101,FF,FF
158,155,101,106,-4,2,104,101,FF,FF
162,156,104,102,3,-4,96,103,FF,FF
166,153,94,103,-10,1,96,103,FF,FF
162,155,96,105,2,2,96,103,FF,FF
161,151,93,103,-3,-2,96,103,FF,FF
161,147,90,101,-3,-2,86,98,TO,FF
156,151,85,98,-5,-3,86,98,TO,FF
159,146,88,99,3,1,86,98,TO,FF
149,155,83,97,-5,-2,86,98,TO,FF
143,154,82,101,-1,4,81,107,TO,FF
137,150,78,107,-4,6,81,107,TO,FF
138,151,79,110,1,3,81,107,TO,FF
139,151,86,113,7,3,81,107,TO,FF
140,153,89,118,3,5,98,109,FF,FF
145,155,94,111,5,-7,98,109,FF,FF
156,157,102,106,8,-5,98,109,FF,FF
162,159,110,102,8,-4,98,109,FF,FF
166,161,115,99,5,-3,120,93,FF,FF
171,159,120,96,5,-3,120,93,FF,FF
174,161,124,87,4,-9,120,93,FF,FF
173,163,122,90,-2,3,120,93,FF,FF
176,162,126,94,4,4,130,96,HS,FF
170,160,129,97,3,3,130,96,HS,FF
170,153,133,100,4,3,130,96,HS,FF
164,155,132,94,-1,-6,130,96,HS,FF
166,148,130,89,-2,-5,129,81,HS,FF
165,146,130,85,0,-4,129,81,HS,FF
163,144,129,75,-1,-10,129,81,HS,FF
162,145,130,78,1,3,129,81,HS,FF
162,148,128,87,-2,9,128,98,HS,FF
162,147,130,97,2,10,128,98,HS,FF
163,149,129,101,-1,4,128,98,HS,FF
164,150,127,108,-2,7,128,98,HS,FF
162,153,129,110,2,2,128,119,HS,HS
163,152,128,116,-1,6,128,119,HS,HS
162,156,128,125,0,9,128,119,HS,HS
163,158,128,128,0,3,128,119,HS,HS
162,157,126,126,-2,-2,126,129,FF,HS
162,155,128,133,2,7,126,129,FF,HS
163,156,127,129,-1,-4,126,129,FF,HS
164,156,125,128,-2,-1,126,129,FF,HS
164,156,119,134,-6,6,118,127,FF,HS
163,157,119,130,0,-4,118,127,FF,HS
163,158,115,121,-4,-9,118,127,FF,HS
161,158,120,123,5,2,118,127,FF,HS
151,159,122,121,2,-2,121,120,FF,HS
148,159,125,122,3,1,121,120,FF,HS
140,156,122,120,-3,-2,121,120,FF,HS
137,155,116,119,-6,-1,121,120,FF,HS
140,155,119,120,3,1,121,119,FF,HS
141,154,126,120,7,0,121,119,FF,HS
147,155,118,119,-8,-1,121,119,FF,HS
151,157,126,118,8,-1,121,119,FF,HS
