Left Knee Angle, Right Knee Angle, Left Ankle Angle, Right Ankle Angle, Left Ankle Delta, Right Ankle Delta,Left Ankle Avg,Right Ankle Avg,LA-GC-Phases,RA-GC-Phases
156,175,127,105,0,0,131,107,HS,FF
162,174,135,104,8,-1,131,107,HS,FF
171,170,133,113,-2,9,131,107,HS,FF
174,172,131,109,-2,-4,131,107,HS,FF
174,171,135,105,4,-4,137,106,HS,FF
176,165,139,107,4,2,137,106,HS,FF
173,171,140,103,1,-4,137,106,HS,FF
175,166,135,111,-5,8,137,106,HS,FF
175,170,134,104,-1,-7,131,95,HS,FF
176,163,132,98,-2,-6,131,95,HS,FF
174,161,130,93,-2,-5,131,95,HS,FF
174,152,128,88,-2,-5,131,95,HS,FF
175,144,129,84,1,-4,124,83,FF,TO
172,139,124,80,-5,-4,124,83,FF,TO
174,139,124,83,0,3,124,83,FF,TO
174,138,122,87,-2,4,124,83,FF,TO
176,144,125,97,3,10,121,99,FF,FF
175,146,121,94,-4,-3,121,99,FF,FF
175,152,120,100,-1,6,121,99,FF,FF
176,157,121,108,1,8,121,99,FF,FF
175,161,121,112,0,4,119,118,FF,FF
175,167,121,114,0,2,119,118,FF,FF
175,175,119,121,-2,7,119,118,FF,FF
176,179,117,125,-2,4,119,118,FF,FF
176,176,116,127,-1,2,112,130,FF,HS
176,174,112,133,-4,6,112,130,FF,HS
174,172,110,130,-2,-3,112,130,FF,HS
175,176,111,131,1,1,112,130,FF,HS
172,177,111,133,0,2,118,134,FF,HS
170,176,117,137,6,4,118,134,FF,HS
165,174,125,134,8,-3,118,134,FF,HS
163,174,122,135,-3,1,118,134,FF,HS
155,175,117,131,-5,-4,108,130,FF,HS
145,175,111,130,-6,-1,108,130,FF,HS
141,175,105,130,-6,0,108,130,FF,HS
141,177,99,129,-6,-1,108,130,FF,HS
140,177,92,126,-7,-3,92,124,FF,HS
141,178,89,125,-3,-1,92,124,FF,HS
144,176,90,125,1,0,92,124,FF,HS
151,176,99,123,9,-2,92,124,FF,HS
152,176,104,122,5,-1,111,118,FF,FF
160,175,109,120,5,-2,111,118,FF,FF
170,168,114,114,5,-6,111,118,FF,FF
176,175,119,118,5,4,111,118,FF,FF
177,178,123,116,4,-2,129,113,HS,FF
174,178,126,114,3,-2,129,113,HS,FF
172,175,135,111,9,-3,129,113,HS,FF
176,175,134,113,-1,2,129,113,HS,FF
175,172,135,122,1,9,128,122,HS,FF
176,168,131,127,-4,5,128,122,HS,FF
175,149,125,123,-6,-4,128,122,HS,FF
175,146,123,117,-2,-6,128,122,HS,FF
177,142,121,110,-2,-7,120,101,FF,FF
178,138,123,104,2,-6,120,101,FF,FF
177,137,120,98,-3,-6,120,101,FF,FF
177,143,118,92,-2,-6,120,101,FF,FF
176,144,116,89,-2,-3,117,96,FF,FF
177,151,114,91,-2,2,117,96,FF,FF
177,153,117,99,3,8,117,96,FF,FF
175,162,123,107,6,8,117,96,FF,FF
175,169,119,113,-4,6,115,119,FF,FF
175,176,116,117,-3,4,115,119,FF,FF
170,175,113,122,-3,5,115,119,FF,FF
176,168,114,126,1,4,115,119,FF,FF
178,170,106,129,-8,3,98,133,FF,HS
147,170,103,137,-3,8,98,133,FF,HS
176,172,94,136,-9,-1,98,133,FF,HS
178,173,90,132,-4,-4,98,133,FF,HS
176,167,86,136,-4,4,76,134,TO,HS
178,162,76,140,-10,4,76,134,TO,HS
173,174,76,132,0,-8,76,134,TO,HS
160,175,69,128,-7,-4,76,134,TO,HS
167,175,74,129,5,1,79,129,TO,HS
164,177,81,129,7,0,79,129,TO,HS
157,177,77,131,-4,2,79,129,TO,HS
158,175,84,130,7,-1,79,129,TO,HS
140,174,80,127,-4,-3,79,126,TO,HS
140,174,75,127,-5,0,79,126,TO,HS
148,175,78,126,3,-1,79,126,TO,HS
150,177,83,126,5,0,79,126,TO,HS
152,178,88,125,5,-1,94,120,FF,FF
160,176,93,123,5,-2,94,120,FF,FF
169,175,97,121,4,-2,94,120,FF,FF
177,171,101,114,4,-7,94,120,FF,FF
177,171,105,113,4,-1,111,104,FF,FF
169,152,109,103,4,-10,111,104,FF,FF
170,153,114,103,5,0,111,104,FF,FF
173,145,118,98,4,-5,111,104,FF,FF
176,142,128,89,10,-9,125,93,FF,FF
174,142,130,90,2,1,125,93,FF,FF
176,136,124,94,-6,4,125,93,FF,FF
176,140,120,100,-4,6,125,93,FF,FF
173,141,116,91,-4,-9,115,80,FF,TO
175,143,116,84,0,-7,115,80,FF,TO
176,142,116,79,0,-5,115,80,FF,TO
175,141,114,69,-2,-10,115,80,FF,TO
175,138,114,71,0,2,114,75,FF,TO
175,140,115,74,1,3,114,75,FF,TO
175,139,114,77,-1,3,114,75,FF,TO
176,146,113,79,-1,2,114,75,FF,TO
175,153,112,82,-1,3,108,88,FF,FF
176,159,109,86,-3,4,108,88,FF,FF
176,168,108,90,-1,4,108,88,FF,FF
175,173,105,94,-3,4,108,88,FF,FF
163,170,97,98,-8,4,96,104,FF,FF
161,166,96,102,-1,4,96,104,FF,FF
162,164,96,106,0,4,96,104,FF,FF
161,166,96,110,0,4,96,104,FF,FF
159,168,100,114,4,4,97,117,FF,FF
161,172,99,116,-1,2,97,117,FF,FF
161,178,95,119,-4,3,97,117,FF,FF
163,176,96,122,1,3,97,117,FF,FF
158,173,101,127,5,5,90,127,FF,HS
158,171,94,126,-7,-1,90,127,FF,HS
149,173,87,126,-7,0,90,127,FF,HS
143,175,81,130,-6,4,90,127,FF,HS
138,174,77,129,-4,-1,73,129,TO,HS
138,174,69,128,-8,-1,73,129,TO,HS
138,174,73,131,4,3,73,129,TO,HS
143,173,125,101,52,-30,73,129,TO,HS
