Left Knee Angle, Right Knee Angle, Left Ankle Angle, Right Ankle Angle, Left Ankle Delta, Right Ankle Delta,Left Ankle Avg,Right Ankle Avg,LA-GC-Phases,RA-GC-Phases
153,143,138,137,0,0,133,136,HS,HS
150,137,130,133,-8,-4,133,136,HS,HS
151,137,131,137,1,4,133,136,HS,HS
147,153,133,139,2,2,133,136,HS,HS
147,149,127,138,-6,-1,125,128,HS,HS
151,152,130,135,3,-3,125,128,HS,HS
150,172,125,127,-5,-8,125,128,HS,HS
152,162,121,114,-4,-13,125,128,HS,HS
154,165,120,100,-1,-14,120,92,FF,TO
160,138,119,93,-1,-7,120,92,FF,TO
162,137,123,85,4,-8,120,92,FF,TO
165,145,119,93,-4,8,120,92,FF,TO
160,153,125,101,6,8,126,111,HS,FF
158,164,129,109,4,8,126,111,HS,FF
164,170,128,116,-1,7,126,111,HS,FF
163,174,125,121,-3,5,126,111,HS,FF
164,176,115,125,-10,4,115,127,FF,HS
160,175,118,131,3,6,115,127,FF,HS
150,172,119,127,1,-4,115,127,FF,HS
146,169,111,126,-8,-1,115,127,FF,HS
143,170,114,128,3,2,110,128,TO,HS
138,172,104,128,-10,0,110,128,TO,HS
132,173,108,130,4,2,110,128,TO,HS
128,176,116,129,8,-1,110,128,TO,HS
132,172,106,125,-10,-4,112,119,FF,FF
136,175,111,123,5,-2,112,119,FF,FF
134,175,120,117,9,-6,112,119,FF,FF
144,174,114,114,-6,-3,112,119,FF,FF
148,172,119,123,5,9,124,122,HS,FF
159,174,121,122,2,-1,124,122,HS,FF
161,174,127,126,6,4,124,122,HS,FF
165,174,131,117,4,-9,124,122,HS,FF
166,171,130,114,-1,-3,127,117,HS,FF
168,171,131,118,1,4,127,117,HS,FF
162,173,123,124,-8,6,127,117,HS,FF
158,172,125,115,2,-9,127,117,HS,FF
152,168,126,124,1,9,122,117,FF,FF
145,155,120,120,-6,-4,122,117,FF,FF
146,151,121,114,1,-6,122,117,FF,FF
144,142,121,111,0,-3,122,117,FF,FF
149,137,123,106,2,-5,123,101,HS,TO
150,132,122,100,-1,-6,123,101,HS,TO
153,132,124,96,2,-4,123,101,HS,TO
157,135,126,102,2,6,123,101,HS,TO
160,134,127,105,1,3,127,110,HS,FF
162,139,125,108,-2,3,127,110,HS,FF
163,148,126,113,1,5,127,110,HS,FF
164,152,133,117,7,4,127,110,HS,FF
166,161,123,120,-10,3,118,126,FF,HS
167,169,121,130,-2,10,118,126,FF,HS
167,173,118,125,-3,-5,118,126,FF,HS
165,171,111,131,-7,6,118,126,FF,HS
167,178,115,130,4,-1,115,129,FF,HS
163,178,112,127,-3,-3,115,129,FF,HS
156,177,119,133,7,6,115,129,FF,HS
148,173,116,127,-3,-6,115,129,FF,HS
144,174,111,126,-5,-1,103,125,TO,FF
136,171,106,124,-5,-2,103,125,TO,FF
131,173,100,127,-6,3,103,125,TO,FF
128,173,96,124,-4,-3,103,125,TO,FF
128,172,90,125,-6,1,100,121,TO,FF
131,173,97,122,7,-3,100,121,TO,FF
136,173,104,120,7,-2,100,121,TO,FF
142,171,109,118,5,-2,100,121,TO,FF
150,173,114,117,5,-1,120,112,FF,FF
157,171,117,112,3,-5,120,112,FF,FF
165,171,120,110,3,-2,120,112,FF,FF
171,173,130,109,10,-1,120,112,FF,FF
171,174,129,108,-1,-1,126,111,HS,FF
170,170,128,109,-1,1,126,111,HS,FF
162,171,124,113,-4,4,126,111,HS,FF
156,164,123,114,-1,1,126,111,HS,FF
153,157,124,122,1,8,121,114,FF,FF
148,150,121,118,-3,-4,121,114,FF,FF
148,142,120,112,-1,-6,121,114,FF,FF
150,135,120,106,0,-6,121,114,FF,FF
155,136,120,112,0,6,119,117,FF,FF
158,138,119,117,-1,5,119,117,FF,FF
159,137,119,122,0,5,119,117,FF,FF
162,141,119,119,0,-3,119,117,FF,FF
164,144,119,120,0,1,118,122,FF,FF
165,153,119,123,0,3,118,122,FF,FF
164,159,118,124,-1,1,118,122,FF,FF
166,165,117,123,-1,-1,118,122,FF,FF
165,174,115,124,-2,1,114,126,FF,HS
167,178,115,128,0,4,114,126,FF,HS
165,177,114,127,-1,-1,114,126,FF,HS
162,176,114,128,0,1,114,126,FF,HS
158,177,114,124,0,-4,119,122,FF,FF
151,176,119,122,5,-2,119,122,FF,FF
142,174,118,122,-1,0,119,122,FF,FF
136,175,126,120,8,-2,119,122,FF,FF
131,175,128,120,2,0,129,119,HS,FF
131,176,134,120,6,0,129,119,HS,FF
131,175,130,120,-4,0,129,119,HS,FF
129,174,126,118,-4,-2,129,119,HS,FF
135,173,123,117,-3,-1,120,116,FF,FF
140,174,118,114,-5,-3,120,116,FF,FF
144,173,120,119,2,5,120,116,FF,FF
148,172,119,117,-1,-2,120,116,FF,FF
157,172,125,116,6,-1,124,112,HS,FF
162,172,126,113,1,-3,124,112,HS,FF
165,172,123,112,-3,-1,124,112,HS,FF
170,173,122,110,-1,-2,124,112,HS,FF
169,173,123,109,1,-1,123,108,HS,FF
172,172,126,109,3,0,123,108,HS,FF
170,173,125,110,-1,1,123,108,HS,FF
160,171,121,106,-4,-4,123,108,HS,FF
154,169,119,109,-2,3,118,110,FF,FF
150,160,120,115,1,6,118,110,FF,FF
147,152,117,111,-3,-4,118,110,FF,FF
145,125,117,105,0,-6,118,110,FF,FF
149,139,116,99,-1,-6,113,91,FF,TO
149,130,113,93,-3,-6,113,91,FF,TO
151,134,112,87,-1,-6,113,91,FF,TO
153,132,112,88,0,1,113,91,FF,TO
154,137,111,97,-1,9,110,102,TO,FF
157,138,111,101,0,4,110,102,TO,FF
159,142,110,108,-1,7,110,102,TO,FF
160,147,111,104,1,-4,110,102,TO,FF
