Left Knee Angle, Right Knee Angle, Left Ankle Angle, Right Ankle Angle, Left Ankle Delta, Right Ankle Delta,Left Ankle Avg,Right Ankle Avg,LA-GC-Phases,RA-GC-Phases
163,174,19,15,0,0,32,19,TO,TO
172,44,26,24,7,9,32,19,TO,TO
168,126,37,20,11,-4,32,19,TO,TO
170,148,48,19,11,-1,32,19,TO,TO
176,156,59,23,11,4,73,33,FF,FF
177,150,70,29,11,6,73,33,FF,FF
178,146,79,36,9,7,73,33,FF,FF
177,139,85,44,6,8,73,33,FF,FF
179,147,91,53,6,9,98,67,FF,FF
177,150,96,63,5,10,98,67,FF,FF
172,155,101,72,5,9,98,67,FF,FF
174,159,104,80,3,8,98,67,FF,FF
174,172,107,87,3,7,112,95,FF,FF
173,176,110,93,3,6,112,95,FF,FF
174,177,118,99,8,6,112,95,FF,FF
168,174,113,104,-5,5,112,95,FF,FF
175,177,111,109,-2,5,106,116,FF,FF
176,176,107,114,-4,5,106,116,FF,FF
175,178,108,120,1,6,106,116,FF,FF
177,178,101,123,-7,3,106,116,FF,FF
174,169,106,130,5,7,111,130,FF,HS
175,169,112,125,6,-5,111,130,FF,HS
174,166,118,128,6,3,111,130,FF,HS
173,167,108,137,-10,9,111,130,FF,HS
172,169,101,129,-7,-8,105,126,FF,FF
170,167,108,126,7,-3,105,126,FF,FF
169,169,105,126,-3,0,105,126,FF,FF
168,171,109,124,4,-2,105,126,FF,FF
168,173,112,127,3,3,112,126,FF,FF
167,174,114,127,2,0,112,126,FF,FF
171,173,108,129,-6,2,112,126,FF,FF
170,176,114,123,6,-6,112,126,FF,FF
170,171,117,126,3,3,123,126,HS,FF
169,168,121,129,4,3,123,126,HS,FF
172,164,124,126,3,-3,123,126,HS,FF
168,158,133,123,9,-3,123,126,HS,FF
171,157,129,120,-4,-3,126,114,HS,FF
174,151,125,116,-4,-4,126,114,HS,FF
175,144,128,113,3,-3,126,114,HS,FF
174,142,123,108,-5,-5,126,114,HS,FF
172,145,120,111,-3,3,125,119,HS,FF
172,148,124,119,4,8,125,119,HS,FF
174,148,126,122,2,3,125,119,HS,FF
173,152,131,127,5,5,125,119,HS,FF
173,158,130,122,-1,-5,129,123,HS,FF
173,165,129,126,-1,4,129,123,HS,FF
172,170,130,121,1,-5,129,123,HS,FF
172,176,127,124,-3,3,129,123,HS,FF
173,176,124,127,-3,3,119,135,HS,HS
171,177,119,135,-5,8,119,135,HS,HS
174,176,117,140,-2,5,119,135,HS,HS
172,169,119,139,2,-1,119,135,HS,HS
171,169,117,141,-2,2,115,139,FF,HS
170,175,121,137,4,-4,115,139,FF,HS
173,175,111,139,-10,2,115,139,FF,HS
169,176,113,140,2,1,115,139,FF,HS
169,176,116,138,3,-2,114,132,FF,HS
170,177,116,133,0,-5,114,132,FF,HS
172,177,115,131,-1,-2,114,132,FF,HS
173,177,112,128,-3,-3,114,132,FF,HS
175,179,108,125,-4,-3,112,121,FF,FF
172,179,114,122,6,-3,112,121,FF,FF
170,178,111,120,-3,-2,112,121,FF,FF
168,177,115,119,4,-1,112,121,FF,FF
168,175,122,118,7,-1,118,118,FF,FF
165,172,114,120,-8,2,118,118,FF,FF
165,171,117,119,3,-1,118,118,FF,FF
164,171,121,117,4,-2,118,118,FF,FF
165,174,116,116,-5,-1,121,110,HS,FF
166,175,116,112,0,-4,121,110,HS,FF
165,173,123,109,7,-3,121,110,HS,FF
165,170,131,104,8,-5,121,110,HS,FF
168,165,126,104,-5,0,122,104,HS,FF
172,158,123,104,-3,0,122,104,HS,FF
174,153,121,107,-2,3,122,104,HS,FF
173,149,121,103,0,-4,122,104,HS,FF
170,149,120,106,-1,3,118,113,FF,FF
173,152,120,109,0,3,118,113,FF,FF
175,154,117,118,-3,9,118,113,FF,FF
175,157,115,120,-2,2,118,113,FF,FF
174,158,116,116,1,-4,113,120,FF,FF
172,161,113,120,-3,4,113,120,FF,FF
171,169,112,123,-1,3,113,120,FF,FF
171,174,112,124,0,1,113,120,FF,FF
170,177,110,130,-2,6,108,130,FF,HS
171,176,108,132,-2,2,108,130,FF,HS
171,175,108,131,0,-1,108,130,FF,HS
170,175,106,130,-2,-1,108,130,FF,HS
170,175,105,135,-1,5,105,128,FF,FF
169,175,103,130,-2,-5,105,128,FF,FF
169,177,106,126,3,-4,105,128,FF,FF
169,177,108,124,2,-2,105,128,FF,FF
175,177,106,125,-2,1,102,120,FF,FF
178,173,110,121,4,-4,102,120,FF,FF
175,172,100,119,-10,-2,102,120,FF,FF
171,170,93,117,-7,-2,102,120,FF,FF
177,174,88,116,-5,-1,87,114,FF,FF
175,174,84,115,-4,-1,87,114,FF,FF
178,176,87,114,3,-1,87,114,FF,FF
176,174,90,111,3,-3,87,114,FF,FF
176,176,94,111,4,0,102,109,FF,FF
178,175,97,109,3,-2,102,109,FF,FF
171,175,106,108,9,-1,102,109,FF,FF
173,174,112,109,6,1,102,109,FF,FF
171,174,114,108,2,-1,114,106,FF,FF
171,171,117,107,3,-1,114,106,FF,FF
171,170,115,106,-2,-1,114,106,FF,FF
171,167,113,105,-2,-1,114,106,FF,FF
174,165,121,109,8,4,120,116,HS,FF
175,160,122,114,1,5,120,116,HS,FF
176,154,121,122,-1,8,120,116,HS,FF
175,148,118,122,-3,0,120,116,HS,FF
176,148,119,113,1,-9,118,105,FF,FF
175,152,120,105,1,-8,118,105,FF,FF
175,151,118,99,-2,-6,118,105,FF,FF
178,151,117,106,-1,7,118,105,FF,FF
178,154,116,102,-1,-4,117,106,FF,FF
177,153,120,112,4,10,117,106,FF,FF
175,157,117,104,-3,-8,117,106,FF,FF
174,166,108,116,-9,12,117,106,FF,FF
