Left Knee Angle, Right Knee Angle, Left Ankle Angle, Right Ankle Angle, Left Ankle Delta, Right Ankle Delta,Left Ankle Avg,Right Ankle Avg,LA-GC-Phases,RA-GC-Phases
70,110,24,63,0,0,34,60,TO,TO
113,152,31,56,7,-7,34,60,TO,TO
108,170,37,59,6,3,34,60,TO,TO
94,174,44,64,7,5,34,60,TO,TO
126,170,39,70,-5,6,30,78,TO,FF
33,164,29,76,-10,6,30,78,TO,FF
26,165,24,81,-5,5,30,78,TO,FF
29,168,30,86,6,5,30,78,TO,FF
32,167,40,91,10,5,34,96,TO,FF
29,168,34,95,-6,4,34,96,TO,FF
29,166,28,97,-6,2,34,96,TO,FF
41,165,35,101,7,4,34,96,TO,FF
42,167,39,104,4,3,32,103,TO,FF
39,167,36,104,-3,0,32,103,TO,FF
168,168,31,104,-5,0,32,103,TO,FF
167,166,22,102,-9,-2,32,103,TO,FF
169,166,26,110,4,8,30,111,TO,FF
168,166,27,116,1,6,30,111,TO,FF
170,166,31,112,4,-4,30,111,TO,FF
166,167,37,108,6,-4,30,111,TO,FF
167,166,44,115,7,7,58,123,FF,FF
167,163,53,118,9,3,58,123,FF,FF
171,167,64,125,11,7,58,123,FF,FF
173,161,74,134,10,9,58,123,FF,FF
173,163,83,127,9,-7,93,126,FF,HS
172,163,90,123,7,-4,93,126,FF,HS
173,162,97,130,7,7,93,126,FF,HS
174,163,102,126,5,-4,93,126,FF,HS
173,162,106,123,4,-3,112,119,FF,FF
174,161,110,115,4,-8,112,119,FF,FF
174,158,114,118,4,3,112,119,FF,FF
174,160,119,121,5,3,112,119,FF,FF
173,161,122,129,3,8,127,122,HS,FF
172,154,125,126,3,-3,127,122,HS,FF
171,156,127,121,2,-5,127,122,HS,FF
171,154,135,114,8,-7,127,122,HS,FF
171,153,138,105,3,-9,137,99,HS,FF
171,148,133,98,-5,-7,137,99,HS,FF
171,146,139,92,6,-6,137,99,HS,FF
172,143,138,101,-1,9,137,99,HS,FF
172,142,134,108,-4,7,132,118,HS,FF
172,147,133,115,-1,7,132,118,HS,FF
172,149,132,124,-1,9,132,118,HS,FF
173,152,130,128,-2,4,132,118,HS,FF
173,161,136,131,6,3,130,124,HS,FF
173,166,132,121,-4,-10,130,124,HS,FF
173,172,127,124,-5,3,130,124,HS,FF
173,175,127,123,0,-1,130,124,HS,FF
173,177,125,126,-2,3,121,128,FF,HS
172,174,120,130,-5,4,121,128,FF,HS
172,175,119,129,-1,-1,121,128,FF,HS
172,176,121,127,2,-2,121,128,FF,HS
171,176,121,129,0,2,123,129,FF,HS
171,172,123,128,2,-1,123,129,FF,HS
172,169,125,128,2,0,123,129,FF,HS
169,169,124,132,-1,4,123,129,FF,HS
168,169,132,132,8,0,124,131,FF,HS
168,168,129,131,-3,-1,124,131,FF,HS
169,166,124,131,-5,0,124,131,FF,HS
169,167,114,133,-10,2,124,131,FF,HS
169,166,117,131,3,-2,124,131,FF,HS
165,162,120,130,3,-1,124,131,FF,HS
168,164,130,131,10,1,124,131,FF,HS
167,165,129,132,-1,1,124,131,FF,HS
166,165,125,131,-4,-1,120,131,FF,HS
166,165,116,131,-9,0,120,131,FF,HS
165,166,118,132,2,1,120,131,FF,HS
167,166,121,131,3,-1,120,131,FF,HS
167,167,124,131,3,0,123,131,FF,HS
167,167,120,131,-4,0,123,131,FF,HS
169,167,123,131,3,0,123,131,FF,HS
168,167,126,131,3,0,123,131,FF,HS
168,165,124,130,-2,-1,123,131,FF,HS
167,165,120,132,-4,2,123,131,FF,HS
169,165,124,132,4,0,123,131,FF,HS
170,162,127,130,3,-2,123,131,FF,HS
170,161,117,129,-10,-1,121,129,FF,HS
172,161,120,129,3,0,121,129,FF,HS
172,162,125,130,5,1,121,129,FF,HS
171,160,122,130,-3,0,121,129,FF,HS
172,160,121,130,-1,0,118,129,FF,HS
172,159,119,127,-2,-3,118,129,FF,HS
173,162,117,132,-2,5,118,129,FF,HS
172,159,116,130,-1,-2,118,129,FF,HS
172,154,121,127,5,-3,127,129,HS,HS
172,154,125,128,4,1,127,129,HS,HS
172,147,128,135,3,7,127,129,HS,HS
173,148,137,128,9,-7,127,129,HS,HS
173,143,136,132,-1,4,135,123,HS,FF
173,147,136,122,0,-10,135,123,HS,FF
173,148,135,122,-1,0,135,123,HS,FF
173,151,135,119,0,-3,135,123,HS,FF
173,154,135,126,0,7,134,129,HS,HS
174,159,135,127,0,1,134,129,HS,HS
174,164,135,134,0,7,134,129,HS,HS
174,169,134,129,-1,-5,134,129,HS,HS
174,173,133,124,-1,-5,133,127,HS,HS
174,176,134,128,1,4,133,127,HS,HS
173,175,133,129,-1,1,133,127,HS,HS
173,175,134,128,1,-1,133,127,HS,HS
173,175,133,129,-1,1,131,131,HS,HS
173,175,131,130,-2,1,131,131,HS,HS
172,174,131,132,0,2,131,131,HS,HS
173,173,131,133,0,1,131,131,HS,HS
173,172,130,134,-1,1,131,135,HS,HS
174,171,131,136,1,2,131,135,HS,HS
173,171,132,135,1,-1,131,135,HS,HS
172,170,133,135,1,0,131,135,HS,HS
171,170,134,134,1,-1,132,133,HS,HS
170,169,134,133,0,-1,132,133,HS,HS
169,168,132,134,-2,1,132,133,HS,HS
169,169,130,134,-2,0,132,133,HS,HS
167,170,130,135,0,1,125,132,FF,HS
165,169,127,132,-3,-3,125,132,FF,HS
166,169,122,132,-5,0,125,132,FF,HS
166,168,124,131,2,-1,125,132,FF,HS
168,169,132,131,8,0,130,131,HS,HS
170,169,131,132,-1,1,130,131,HS,HS
170,169,129,131,-2,-1,130,131,HS,HS
171,169,128,131,-1,0,130,131,HS,HS
