Left Knee Angle, Right Knee Angle, Left Ankle Angle, Right Ankle Angle, Left Ankle Delta, Right Ankle Delta,Left Ankle Avg,Right Ankle Avg,LA-GC-Phases,RA-GC-Phases
160,137,125,124,0,0,111,115,FF,FF
154,126,118,117,-7,-7,111,115,FF,FF
161,120,107,111,-11,-6,111,115,FF,FF
164,132,95,108,-12,-3,111,115,FF,FF
164,149,84,104,-11,-4,69,110,FF,FF
166,157,74,107,-10,3,69,110,FF,FF
169,164,65,114,-9,7,69,110,FF,FF
169,168,56,118,-9,4,69,110,FF,FF
169,167,49,122,-7,4,48,129,TO,HS
169,174,45,127,-4,5,48,129,TO,HS
168,173,47,130,2,3,48,129,TO,HS
171,168,53,138,6,8,48,129,TO,HS
172,166,61,137,8,-1,68,134,FF,HS
170,156,66,130,5,-7,68,134,FF,HS
170,157,71,133,5,3,68,134,FF,HS
168,155,77,139,6,6,68,134,FF,HS
172,155,82,135,5,-4,89,130,FF,HS
169,155,87,129,5,-6,89,130,FF,HS
169,155,91,129,4,0,89,130,FF,HS
161,158,96,129,5,0,89,130,FF,HS
155,161,99,128,3,-1,107,130,FF,HS
151,164,103,128,4,0,107,130,FF,HS
145,167,112,133,9,5,107,130,FF,HS
145,171,117,132,5,-1,107,130,FF,HS
146,174,113,133,-4,1,109,132,FF,HS
148,175,106,133,-7,0,109,132,FF,HS
153,176,109,133,3,0,109,132,FF,HS
154,176,110,132,1,-1,109,132,FF,HS
148,174,120,131,10,-1,126,129,FF,HS
149,173,126,131,6,0,126,129,FF,HS
150,172,133,128,7,-3,126,129,FF,HS
153,172,125,128,-8,0,126,129,FF,HS
157,171,127,128,2,0,131,125,HS,HS
159,171,137,128,10,0,131,125,HS,HS
159,173,128,125,-9,-3,131,125,HS,HS
160,171,134,122,6,-3,131,125,HS,HS
160,171,136,126,2,4,138,123,HS,FF
163,171,137,125,1,-1,138,123,HS,FF
162,174,141,124,4,-1,138,123,HS,FF
161,175,141,120,0,-4,138,123,HS,FF
161,174,133,118,-8,-2,125,116,FF,FF
161,173,127,115,-6,-3,125,116,FF,FF
163,168,122,115,-5,0,125,116,FF,FF
167,162,118,116,-4,1,125,116,FF,FF
169,157,109,116,-9,0,105,119,FF,FF
168,145,107,123,-2,7,105,119,FF,FF
164,143,103,121,-4,-2,105,119,FF,FF
163,131,102,117,-1,-4,105,119,FF,FF
160,132,99,112,-3,-5,97,110,FF,FF
160,132,98,102,-1,-10,97,110,FF,FF
160,130,96,112,-2,10,97,110,FF,FF
161,135,96,115,0,3,97,110,FF,FF
164,131,96,111,0,-4,105,120,FF,FF
166,139,105,119,9,8,105,120,FF,FF
168,144,112,123,7,4,105,120,FF,FF
170,150,107,128,-5,5,105,120,FF,FF
171,160,104,134,-3,6,109,134,FF,HS
172,163,112,135,8,1,109,134,FF,HS
174,169,107,134,-5,-1,109,134,FF,HS
174,170,113,135,6,1,109,134,FF,HS
173,171,117,136,4,1,121,134,FF,HS
174,171,120,134,3,-2,121,134,FF,HS
175,166,122,135,2,1,121,134,FF,HS
178,162,127,132,5,-3,121,134,FF,HS
178,160,120,130,-7,-2,119,129,FF,HS
177,158,118,130,-2,0,119,129,FF,HS
170,157,120,128,2,-2,119,129,FF,HS
168,159,118,129,-2,1,119,129,FF,HS
158,157,121,126,3,-3,124,126,FF,HS
149,157,131,126,10,0,124,126,FF,HS
140,158,126,125,-5,-1,124,126,FF,HS
139,160,120,127,-6,2,124,126,FF,HS
140,162,121,129,1,2,120,129,FF,HS
135,162,126,129,5,0,120,129,FF,HS
138,163,117,129,-9,0,120,129,FF,HS
141,166,118,132,1,3,120,129,FF,HS
142,167,111,133,-7,1,114,130,FF,HS
145,169,111,132,0,-1,114,130,FF,HS
147,170,115,131,4,-1,114,130,FF,HS
153,172,120,126,5,-5,114,130,FF,HS
157,173,123,127,3,1,128,127,HS,HS
159,174,131,127,8,0,128,127,HS,HS
162,173,130,127,-1,0,128,127,HS,HS
163,173,130,130,0,3,128,127,HS,HS
162,173,132,129,2,-1,133,126,HS,HS
163,173,133,127,1,-2,133,126,HS,HS
163,173,133,126,0,-1,133,126,HS,HS
164,173,134,124,1,-2,133,126,HS,HS
164,173,137,125,3,1,136,122,HS,FF
161,170,136,122,-1,-3,136,122,HS,FF
160,168,135,121,-1,-1,136,122,HS,FF
161,163,136,122,1,1,136,122,HS,FF
161,155,135,121,-1,-1,134,114,HS,FF
164,147,136,117,1,-4,134,114,HS,FF
162,137,134,112,-2,-5,134,114,HS,FF
161,128,132,106,-2,-6,134,114,HS,FF
159,125,129,100,-3,-6,126,95,FF,TO
158,122,127,94,-2,-6,126,95,FF,TO
156,120,125,91,-2,-3,126,95,FF,TO
156,123,125,97,0,6,126,95,FF,TO
156,125,125,103,0,6,124,109,FF,FF
158,130,124,108,-1,5,124,109,FF,FF
159,136,124,111,0,3,124,109,FF,FF
161,143,124,115,0,4,124,109,FF,FF
161,149,123,106,-1,-9,119,115,FF,FF
163,155,119,113,-4,7,119,115,FF,FF
164,161,117,118,-2,5,119,115,FF,FF
165,166,120,123,3,5,119,115,FF,FF
166,170,119,126,-1,3,119,132,FF,HS
168,172,119,129,0,3,119,132,FF,HS
171,172,119,138,0,9,119,132,FF,HS
173,170,119,137,0,-1,119,132,FF,HS
175,167,118,138,-1,1,118,129,FF,HS
176,167,118,132,0,-6,118,129,FF,HS
177,166,120,127,2,-5,118,129,FF,HS
172,165,119,122,-1,-5,118,129,FF,HS
168,167,119,118,0,-4,120,110,FF,FF
159,169,116,108,-3,-10,120,110,FF,FF
155,169,125,106,9,-2,120,110,FF,FF
149,170,116,105,-9,-1,120,110,FF,FF
